-----------------------theta = 90.0, rho = 516.0
000000000000000000000000000000000011111111111111111111111111111111111111111111111111111111111111111111111111111111111111111111111111111111111111111111111111111111111111111111111111111111111111111111111111111111111110000000000000000000000000000000000000000000000000000000011111111111110000000000000000000111111111111111111111111111111111111111000000000000000000000000000000000000000000000000000000000000000000000000000001111111111111111111110000000000000000000000000000000000000000000000000000000000000000000000000000000000000000000000000000000000000
000000000000000000000000000000000011111111111111111111111111111111111111111111111111111111111111111111111111111111111111111111111111111111111111111111111111111111111111111111111111111111111111111111111111111111111110000000000000000000000000000000000000000000000000000000011111111111110000000000000000000111111111111111111111111111111111111111000000000000000000000000000000000000000000000000000000000000000000000000000001111111111111111111110000000000000000000000000000000000000000000000000000000000000000000000000000000000000000000000000000000000000
000000000000000000000000000000000001111111111111111111111111111111111111111111111111111111111111111111111111111111111111111111111111111111111111111111111111111111111111111111111111111111111111111111111111111111111111111111111111111111111111111111111111111111111111111111111111111111111111111111111111111111111111111111111111111111111111111111111111111111111111111111111111111111111111111000000000000000000000000000000111111111111111111111111000000000000000000000000000000000000000000000000000000000000000000000000000000000000000000000000000000000000
000000000000000000000000000000000001111111111111111111111111111111111111111111111111111111111111111111111111111111111111111111111111111111111111111111111111111111111111111111111111111111111111111111111111111111111111111111111111111111111111111111111111111111111111111111111111111111111111111111111111111111111111111111111111111111111111111111111111111111111111111111111111111111111111111000000000000000000000000000000111111111111111111111111000000000000000000000000000000000000000000000000000000000000000000000000000000000000000000000000000000000000
000000000000000000000000000000000000000000111111111111111111111111111111111111111111111111111111111111111111111111111111111111111111111111111111111111111111111111111111111111111111111111111111111111111111111111111111111111111111111111111111111111111111111111111111111111111111111111111111111111111111111111111111111111111111111111111111111111111111111111111111111111111111111111111111111111111111111111111111111111111111111111111111111111111111111111111111111111111111111111111111111111111111111111111111111111111111111000000000000000000000000000000
000000000000000000000000000000000000000000111111111111111111111111111111111111111111111111111111111111111111111111111111111111111111111111111111111111111111111111111111111111111111111111111111111111111111111111111111111111111111111111111111111111111111111111111111111111111111111111111111111111111111111111111111111111111111111111111111111111111111111111111111111111111111111111111111111111111111111111111111111111111111111111111111111111111111111111111111111111111111111111111111111111111111111111111111111111111111111000000000000000000000000000000
000000000000000000000000000000000000000000000001111111111111111111111111111111111111111111111111111111111111111100000000000000000000000000000000000000000000000000111111111111111111111111111111111111111111111111111111111111111111111111111111111111111111111111111111111111111111111111111111111111111111111111111111111111111111111111111111111111111111111111111111111111111111111111111111111111111111111111111111111111111111111111111111111111111111111111111111111111111111111111111111111111111111111111111111111111111111111000000000000000000000000000000
000000000000000000000000000000000000000000000001111111111111111111111111111111111111111111111111111111111111111100000000000000000000000000000000000000000000000000111111111111111111111111111111111111111111111111111111111111111111111111111111111111111111111111111111111111111111111111111111111111111111111111111111111111111111111111111111111111111111111111111111111111111111111111111111111111111111111111111111111111111111111111111111111111111111111111111111111111111111111111111111111111111111111111111111111111111111111000000000000000000000000000000
000000000000000000000000000000000000000000000000000000000000000000000000000011111111110000000000000000000000000000000000000000000000000000000000000000000000000000000000000000000000000000000000000000000000000000000000000000000000000000000000000000000011111111111111111111111111111100000000000000011111111111111111111111111000000000000000000000000000000000000000000000000111111111111111111111111111111111111110000000000000000000000000000000000000000000000000111111111111111111111111111111111111111111111111111111111111111000000000000000000000000000000
000000000000000000000000000000000000000000000000000000000000000000000000000011111111110000000000000000000000000000000000000000000000000000000000000000000000000000000000000000000000000000000000000000000000000000000000000000000000000000000000000000000011111111111111111111111111111100000000000000011111111111111111111111111000000000000000000000000000000000000000000000000111111111111111111111111111111111111110000000000000000000000000000000000000000000000000111111111111111111111111111111111111111111111111111111111111111000000000000000000000000000000
000000000000000000000000000000000000000000000000000000000000000000000000000001111111000000000000000000000000000000000000000000000000000000000000000000000000000000000000000000000000000000000000000000000000000000000000000000000000000000000000000000000001111111111111111111111111111000000000000000000111111111111111111110000000000000000000000000000000000000000000000000000111111100000000111111111111111111111000000000000000000000000000000000000000000000000000011111111111111111111111111111111111111111111111111111111111110000000000000000000000000000000
000000000000000000000000000000000000000000000000000000000000000000000000000001111111000000000000000000000000000000000000000000000000000000000000000000000000000000000000000000000000000000000000000000000000000000000000000000000000000000000000000000000001111111111111111111111111111000000000000000000111111111111111111110000000000000000000000000000000000000000000000000000111111100000000111111111111111111111000000000000000000000000000000000000000000000000000011111111111111111111111111111111111111111111111111111111111110000000000000000000000000000000
000000000000000000000000000000000000000000000000000000000000000000000000000000000000000000000000000000000000000000000000000000000000000000000000000000000000000000000000000000000000000000000000000000000000000000000000000000000000000000000000000000000000000000000000000000000000000000000000000000000001111111110000000000000000000000000000000000000000000000000000000000000000000000000000000000111111111111110000000000000000000000000000000000000000000000000000000000000111111111111111111111111111111111111111100000000000000000000000000000000000000000000
000000000000000000000000000000000023333333444445555555555555555555555555555567777777665555555555555555555555555544444444444444444444444444444444444444444444444444555555555555555555555555555555555555555555555555555556666666666666666666666666666666666678888888888888888888877777777655556666666666677888888777777777777776666555555555555555555555666666666666666666666666666888888877777777888999999999999999999887777777777665555555555555555555556777777777777777899999999999999999999999999999999999999999999999999999999999998000000000000000000000000000000
0000000000000000000000000000000000244444446666688888888888888888888888888888acccccccaa888888888888888888888888886666666666666666666666666666666666666666666666666688888888888888888888888888888888888888888888888888888666666666666666666666666666666666668aaaaaaaaaaaaaaaaaaaacccccccca88886666666666688aabbbbdddddcccccccccaaaa888888888888888888888666666666666666666666666666aaaaaaa88888888aaa888999999999999998664444444444668888888888888888888886444444444444444688888888999999999999999999999999999999999999999988888888888886000000000000000000000000000000
000000000000000000000000000000000001111111111111111111111111111100000000000001111111000000000000000000000000000000000000000000000000000000000000000000000000000000000000000000000000000000000000000000000000000000000000000000000000000000000000000000000000000000000000000000000000000000000000000000000000000000000000000000000000000000000000000000000000000000000000000000000000000000000000000000000000000000000000000000000000000000000000000000000000000000000000000000000000000000000000000000000000000000000000000000000000000000000000000000000000000000000
000000000000000000000000000000000099999999999999999999999999999999999999999999999999999999999999999999999999999999999999999999999999999999999999999999999999999999999999999999999999999999999999999999999999999999999999999999999999999999999999999999999999999999999999999999999999999999999999999999999999999999999999999999999999999999999999999999999999999999999999999999999999999999999999999999999999999999999999999999999999999999999999999999999999999999999999999999999999999999999999999999999999999999999999999999999999999000000000000000000000000000000
000000000000000000000000000000000001000000000000000000000000000000000000000000000000100000000000000000000000000000000000000000000000000000000000000000000000000000100000000000000000000000000000000000000000000000000001000000000000000000000000000000000010000000000000000000010000000000001000000000000000000100000000000000000000000000000000000000100000000000000000000000000000000010000000100000000000000000000100000000000000000000000000000000001000000000000000000000000000000000000000000000000000000000000000000000000000001000000000000000000000000000000
(34.0,516.0)-(518.0,516.0)

-----------------------theta = 90.0, rho = 516.0
000000000000000000000000000000000011111111111111111111111111111111111111111111111111111111111111111111111111111111111111111111111111111111111111111111111111111111111111111111111111111111111111111111111111111111111110000000000000000000000000000000000000000000000000000000011111111111110000000000000000000111111111111111111111111111111111111111000000000000000000000000000000000000000000000000000000000000000000000000000001111111111111111111110000000000000000000000000000000000000000000000000000000000000000000000000000000000000000000000000000000000000
000000000000000000000000000000000011111111111111111111111111111111111111111111111111111111111111111111111111111111111111111111111111111111111111111111111111111111111111111111111111111111111111111111111111111111111110000000000000000000000000000000000000000000000000000000011111111111110000000000000000000111111111111111111111111111111111111111000000000000000000000000000000000000000000000000000000000000000000000000000001111111111111111111110000000000000000000000000000000000000000000000000000000000000000000000000000000000000000000000000000000000000
000000000000000000000000000000000001111111111111111111111111111111111111111111111111111111111111111111111111111111111111111111111111111111111111111111111111111111111111111111111111111111111111111111111111111111111111111111111111111111111111111111111111111111111111111111111111111111111111111111111111111111111111111111111111111111111111111111111111111111111111111111111111111111111111111000000000000000000000000000000111111111111111111111111000000000000000000000000000000000000000000000000000000000000000000000000000000000000000000000000000000000000
000000000000000000000000000000000001111111111111111111111111111111111111111111111111111111111111111111111111111111111111111111111111111111111111111111111111111111111111111111111111111111111111111111111111111111111111111111111111111111111111111111111111111111111111111111111111111111111111111111111111111111111111111111111111111111111111111111111111111111111111111111111111111111111111111000000000000000000000000000000111111111111111111111111000000000000000000000000000000000000000000000000000000000000000000000000000000000000000000000000000000000000
000000000000000000000000000000000000000000111111111111111111111111111111111111111111111111111111111111111111111111111111111111111111111111111111111111111111111111111111111111111111111111111111111111111111111111111111111111111111111111111111111111111111111111111111111111111111111111111111111111111111111111111111111111111111111111111111111111111111111111111111111111111111111111111111111111111111111111111111111111111111111111111111111111111111111111111111111111111111111111111111111111111111111111111111111111111111111000000000000000000000000000000
000000000000000000000000000000000000000000111111111111111111111111111111111111111111111111111111111111111111111111111111111111111111111111111111111111111111111111111111111111111111111111111111111111111111111111111111111111111111111111111111111111111111111111111111111111111111111111111111111111111111111111111111111111111111111111111111111111111111111111111111111111111111111111111111111111111111111111111111111111111111111111111111111111111111111111111111111111111111111111111111111111111111111111111111111111111111111000000000000000000000000000000
000000000000000000000000000000000000000000000001111111111111111111111111111111111111111111111111111111111111111100000000000000000000000000000000000000000000000000111111111111111111111111111111111111111111111111111111111111111111111111111111111111111111111111111111111111111111111111111111111111111111111111111111111111111111111111111111111111111111111111111111111111111111111111111111111111111111111111111111111111111111111111111111111111111111111111111111111111111111111111111111111111111111111111111111111111111111111000000000000000000000000000000
000000000000000000000000000000000000000000000001111111111111111111111111111111111111111111111111111111111111111100000000000000000000000000000000000000000000000000111111111111111111111111111111111111111111111111111111111111111111111111111111111111111111111111111111111111111111111111111111111111111111111111111111111111111111111111111111111111111111111111111111111111111111111111111111111111111111111111111111111111111111111111111111111111111111111111111111111111111111111111111111111111111111111111111111111111111111111000000000000000000000000000000
000000000000000000000000000000000000000000000000000000000000000000000000000011111111110000000000000000000000000000000000000000000000000000000000000000000000000000000000000000000000000000000000000000000000000000000000000000000000000000000000000000000011111111111111111111111111111100000000000000011111111111111111111111111000000000000000000000000000000000000000000000000111111111111111111111111111111111111110000000000000000000000000000000000000000000000000111111111111111111111111111111111111111111111111111111111111111000000000000000000000000000000
000000000000000000000000000000000000000000000000000000000000000000000000000011111111110000000000000000000000000000000000000000000000000000000000000000000000000000000000000000000000000000000000000000000000000000000000000000000000000000000000000000000011111111111111111111111111111100000000000000011111111111111111111111111000000000000000000000000000000000000000000000000111111111111111111111111111111111111110000000000000000000000000000000000000000000000000111111111111111111111111111111111111111111111111111111111111111000000000000000000000000000000
000000000000000000000000000000000000000000000000000000000000000000000000000001111111000000000000000000000000000000000000000000000000000000000000000000000000000000000000000000000000000000000000000000000000000000000000000000000000000000000000000000000001111111111111111111111111111000000000000000000111111111111111111110000000000000000000000000000000000000000000000000000111111100000000111111111111111111111000000000000000000000000000000000000000000000000000011111111111111111111111111111111111111111111111111111111111110000000000000000000000000000000
000000000000000000000000000000000000000000000000000000000000000000000000000001111111000000000000000000000000000000000000000000000000000000000000000000000000000000000000000000000000000000000000000000000000000000000000000000000000000000000000000000000001111111111111111111111111111000000000000000000111111111111111111110000000000000000000000000000000000000000000000000000111111100000000111111111111111111111000000000000000000000000000000000000000000000000000011111111111111111111111111111111111111111111111111111111111110000000000000000000000000000000
000000000000000000000000000000000000000000000000000000000000000000000000000000000000000000000000000000000000000000000000000000000000000000000000000000000000000000000000000000000000000000000000000000000000000000000000000000000000000000000000000000000000000000000000000000000000000000000000000000000001111111110000000000000000000000000000000000000000000000000000000000000000000000000000000000111111111111110000000000000000000000000000000000000000000000000000000000000111111111111111111111111111111111111111100000000000000000000000000000000000000000000
000000000000000000000000000000000023333333444445555555555555555555555555555567777777665555555555555555555555555544444444444444444444444444444444444444444444444444555555555555555555555555555555555555555555555555555556666666666666666666666666666666666678888888888888888888877777777655556666666666677888888777777777777776666555555555555555555555666666666666666666666666666888888877777777888999999999999999999887777777777665555555555555555555556777777777777777899999999999999999999999999999999999999999999999999999999999998000000000000000000000000000000
0000000000000000000000000000000000244444446666688888888888888888888888888888acccccccaa888888888888888888888888886666666666666666666666666666666666666666666666666688888888888888888888888888888888888888888888888888888666666666666666666666666666666666668aaaaaaaaaaaaaaaaaaaacccccccca88886666666666688aabbbbdddddcccccccccaaaa888888888888888888888666666666666666666666666666aaaaaaa88888888aaa888999999999999998664444444444668888888888888888888886444444444444444688888888999999999999999999999999999999999999999988888888888886000000000000000000000000000000
000000000000000000000000000000000001111111111111111111111111111100000000000001111111000000000000000000000000000000000000000000000000000000000000000000000000000000000000000000000000000000000000000000000000000000000000000000000000000000000000000000000000000000000000000000000000000000000000000000000000000000000000000000000000000000000000000000000000000000000000000000000000000000000000000000000000000000000000000000000000000000000000000000000000000000000000000000000000000000000000000000000000000000000000000000000000000000000000000000000000000000000
000000000000000000000000000000000099999999999999999999999999999999999999999999999999999999999999999999999999999999999999999999999999999999999999999999999999999999999999999999999999999999999999999999999999999999999999999999999999999999999999999999999999999999999999999999999999999999999999999999999999999999999999999999999999999999999999999999999999999999999999999999999999999999999999999999999999999999999999999999999999999999999999999999999999999999999999999999999999999999999999999999999999999999999999999999999999999000000000000000000000000000000
000000000000000000000000000000000001000000000000000000000000000000000000000000000000100000000000000000000000000000000000000000000000000000000000000000000000000000100000000000000000000000000000000000000000000000000001000000000000000000000000000000000010000000000000000000010000000000001000000000000000000100000000000000000000000000000000000000100000000000000000000000000000000010000000100000000000000000000100000000000000000000000000000000001000000000000000000000000000000000000000000000000000000000000000000000000000001000000000000000000000000000000
(34.0,516.0)-(518.0,516.0)

-----------------------theta = 0.0, rho = 34.0
000000000000000000000000000000000000000000000000000000000000000000000000000000000000000000000000000000000000000000000000000000000000000000000000000000000000000000000000000000000000000000000000000000000000000000000000000000000000000000000000000000000000000000000000000000000000000000000000000000000000000000000000000000000000000000000000000000000000000000000000000000000000000000000000000000000000000000000000000000000000000000000000000000000000000000000000000000000000000000000000000000000000000000000000000000000000000000000000000000000
000000000000000000000000000000000000000000000000000000000000000000000000000000000000000000000000000000000000000000000000000000000000000000000000000000000000000000000000000000000000000000000000000000000000000000000000000000000000000000000000000000000000000000000000000000000000000000000000000000000000000000000000000000000000000000000000000000000000000000000000000000000000000000000000000000000000000000000000000000000000000000000000000000000000000000000000000000000000000000000000000000000000000000000000000000000000000000000000000000000
000000000000000000000000000000000000000000000000000000000000000000000000000000000000000000000000000000000000000000000000000000000000000000000000000000000000000000000000000000000000000000000000000000000000000000000000000000000000000000000000000000000000000000000000000000000000000000000000000000000000000000000000000000000000000000000000000000000000000000000000000000000000000000000000000000000000000000000000000000000000000000000000000000000000000000000000000000000000000000000000000000000000000000000000000000000000000000000000000000000
000000000000000000000000000000000000000000000000000000000000000000000000000000000000000000000000000000000000000000000000000000000000000000000000000000000000000000000000000000000000000001111111111100000000000000000000000000000000000000000000000000000000000000000000000000000000000000000000000000000000000000000000000000000000000000000000000000000000000000000000000000000000000000000000000000000000000000000000000000000000000000000000000000000000000000000000000000000000000000000000000000000000000000000000000000000000000000000000000000000
000000000000000000000000000000000000000000000000000000000000000000000000000000000000000000000000000000000000000000000000000000000000000000000000000000000000000000000000000000000000000001111111111100000000000000000000000000000000000000000000000000000000000000000000000000000000000000000000000000000000000000000000000000000000000000000000000000000000000000000000000000000000000000000000000000000000000000000000000000000000000000000000000000000000000000000000000000000000000000000000000000000000000000000000000000000000000000000000000000000
000000000000000000000000000000000000000000000111111111111111111111111111111111111111111111111111111111111000000000000000000000000000000000000000000000000000000000000000000000000000011111111111111111100000001111111111111111111111111111111111111111111111111111111111111000000000000000000000000000000000000000000000111111111111111111111111111111110000000001111111111111111111111111111111111111111000000000000000000000000000000000000000000000000000000000000000000111111100000000000001111111111100000000000000000000000000000000000000000000000
000000000000000000000000000000000000000000000111111111111111111111111111111111111111111111111111111111111000000000000000000000000000000000000000000000000000000000000000000000000000011111111111111111100000001111111111111111111111111111111111111111111111111111111111111000000000000000000000000000000000000000000000111111111111111111111111111111110000000001111111111111111111111111111111111111111000000000000000000000000000000000000000000000000000000000000000000111111100000000000001111111111100000000000000000000000000000000000000000000000
000000000000000000000000000001111111111111111111111111111111111111111111111111111111111111111111111111111111111111111111111111111111111111111111111111111111111111111111111111111111111111111111111111111111111111111111111111111111111111111111111111111111111111111111111111111111111111111111111111111111111111111111111111111111111111111111111111111111111111111111111111111111111111111111111111111111111111111111111111111111111111110000000111111111111111111111111111111111111111111111111111111111111111111111111111111100000000000000000000000
000000000000000000000000000001111111111111111111111111111111111111111111111111111111111111111111111111111111111111111111111111111111111111111111111111111111111111111111111111111111111111111111111111111111111111111111111111111111111111111111111111111111111111111111111111111111111111111111111111111111111111111111111111111111111111111111111111111111111111111111111111111111111111111111111111111111111111111111111111111111111111110000000111111111111111111111111111111111111111111111111111111111111111111111111111111100000000000000000000000
000000000000000000000000000001111111111111111111111111111111111111111111111111111111111111111111111111111111111111111111111111111111111111111111111111111111111111111111111111111111111111111111111111111111111111111111111111111111111111111111111111111111111111111111111111111111111111111111111111111111111111111111111111111111111111111111111111111111111111111111111111111111111111111111111111111111111111111111111111111111111111111111111111111111111111111111111111111111111111111111111111111111111111111111111111111110000000000000000000000
000000000000000000000000000001111111111111111111111111111111111111111111111111111111111111111111111111111111111111111111111111111111111111111111111111111111111111111111111111111111111111111111111111111111111111111111111111111111111111111111111111111111111111111111111111111111111111111111111111111111111111111111111111111111111111111111111111111111111111111111111111111111111111111111111111111111111111111111111111111111111111111111111111111111111111111111111111111111111111111111111111111111111111111111111111111110000000000000000000000
000000000000000000000000000000000000000000000011111111111111100000000000000000000000000000000000000000001111111111111111111111111111111111110000000000000000000000000000000000000000000000000000000000000000000000000000000000000000000000111111111111111111111111111111111111111111111111111111100000000000000000000000000000000000000000000000000000000000000000000000000000000000000000000000000000000000000000011111111111111111111111111111111111110000000000000000000000000000000000000000000000000000000000000000000000000000000000000000000000000
000000000000000000000000000000000000000000000011111111111111100000000000000000000000000000000000000000001111111111111111111111111111111111110000000000000000000000000000000000000000000000000000000000000000000000000000000000000000000000111111111111111111111111111111111111111111111111111111100000000000000000000000000000000000000000000000000000000000000000000000000000000000000000000000000000000000000000011111111111111111111111111111111111110000000000000000000000000000000000000000000000000000000000000000000000000000000000000000000000000
000000000000000000000000000000000000000000000000000000000000000000000000000000000000000000000000000000001111111111111111111111111111111111110000000000000000000000000000000000000000000000000000000000000000000000000000000000000000000000000000000000000000000000000000000000000000000000000000000000000000000000000000000000000000000000000000000000000000000000000000000000000000000000000000000000000000000000011111111111111111111111111111111111110000000000000000000000000000000000000000000000000000000000000000000000000000000000000000000000000
000000000000000000000000000000000000000000000000000000000000000000000000000000000000000000000000000000001111111111111111111111111111111111110000000000000000000000000000000000000000000000000000000000000000000000000000000000000000000000000000000000000000000000000000000000000000000000000000000000000000000000000000000000000000000000000000000000000000000000000000000000000000000000000000000000000000000000011111111111111111111111111111111111110000000000000000000000000000000000000000000000000000000000000000000000000000000000000000000000000
00000000000000000000000000000aaaaaaaaaaaaaaaa9aaaaaaaaaaaaaaa9999999999999999999999999999999999999999999bcccccccccccccccccccccccccccccccccccaaaaaaaaaaaaaaaaaaaaaaaaaaaaaaaaaaaaaaaaa999988888888888999aaaaaaa9999999999999999999999999999aaaaaaaaaaaaaaaaaaaaaaaaaaaaaaaaabbbbbbbbbbbbbbbbbbbbbbaaaaaaaaaaaaaaaaaaaaaaa99999999999999999999999999999999aaaaaaaaa9999999999999999999999999999999999999999aaaaaaaaaacccccccccccccccccccccccccdddddddcccccaaaaaaaaaaaaaaaaaaa9999999aaaaaaaaaaaaa99999999999aaaaaaaaaaaaaaaaaaaaaaaab0000000000000000000000
00000000000000000000000000000444444444444444468888888888888886666666666666666666666666666666666666666666a888888888888888888888888888888888884444444444444444444444444444444444444444466668888888888866644444446666666666666666666666666666888888888888888888888888888888888666666666666666666666644444444444444444444444666666666666666666666666666666664444444446666666666666666666666666666666666666666444444444488888888888888888888888886666666888884444444444444444444666666644444444444446666666666644444444444444444444444420000000000000000000000
000000000000000000000000000000000000000000000000000000000000000000000000000000000000000000000000000000000000000000000000000000000000000000000000000000000000000000000000000000000000000000000000000000000000000000000000000000000000000000000000000000000000000000000000000000000000000000000000000000000000000000000000000000000000000000000000000000000000000000000000000000000000000000000000000000000000000000000000000000000000000000000000000000000000000000000000000000000000000000000000000000000000000000000000000000000000000000000000000000000
000000000000000000000000000009999999999999999999999999999999999999999999999999999999999999999999999999999999999999999999999999999999999999999999999999999999999999999999999999999999999999999999999999999999999999999999999999999999999999999999999999999999999999999999999999999999999999999999999999999999999999999999999999999999999999999999999999999999999999999999999999999999999999999999999999999999999999999999999999999999999999999999999999999999999999999999999999999999999999999999999999999999999999999999999999999990000000000000000000000
000000000000000000000000000000000000000000000110000000000000000000000000000000000000000000000000000000000100000000000000000000000000000000000000000000000000000000000000000000000000010000000000000010000000001000000000000000000000000000100000000000000000000000000000000100000000000000000000010000000000000000000000000000000000000000000000000000001000000001000000000000000000000000000000000000000100000000000000000000000000000000001000000100000000000000000000000100000010000000000001000000000010000000000000000000000000000000000000000000000
(34.0,29.0)-(34.0,514.0)

-----------------------theta = 0.0, rho = 34.0
000000000000000000000000000000000000000000000000000000000000000000000000000000000000000000000000000000000000000000000000000000000000000000000000000000000000000000000000000000000000000000000000000000000000000000000000000000000000000000000000000000000000000000000000000000000000000000000000000000000000000000000000000000000000000000000000000000000000000000000000000000000000000000000000000000000000000000000000000000000000000000000000000000000000000000000000000000000000000000000000000000000000000000000000000000000000000000000000000000000
000000000000000000000000000000000000000000000000000000000000000000000000000000000000000000000000000000000000000000000000000000000000000000000000000000000000000000000000000000000000000000000000000000000000000000000000000000000000000000000000000000000000000000000000000000000000000000000000000000000000000000000000000000000000000000000000000000000000000000000000000000000000000000000000000000000000000000000000000000000000000000000000000000000000000000000000000000000000000000000000000000000000000000000000000000000000000000000000000000000
000000000000000000000000000000000000000000000000000000000000000000000000000000000000000000000000000000000000000000000000000000000000000000000000000000000000000000000000000000000000000000000000000000000000000000000000000000000000000000000000000000000000000000000000000000000000000000000000000000000000000000000000000000000000000000000000000000000000000000000000000000000000000000000000000000000000000000000000000000000000000000000000000000000000000000000000000000000000000000000000000000000000000000000000000000000000000000000000000000000
000000000000000000000000000000000000000000000000000000000000000000000000000000000000000000000000000000000000000000000000000000000000000000000000000000000000000000000000000000000000000001111111111100000000000000000000000000000000000000000000000000000000000000000000000000000000000000000000000000000000000000000000000000000000000000000000000000000000000000000000000000000000000000000000000000000000000000000000000000000000000000000000000000000000000000000000000000000000000000000000000000000000000000000000000000000000000000000000000000000
000000000000000000000000000000000000000000000000000000000000000000000000000000000000000000000000000000000000000000000000000000000000000000000000000000000000000000000000000000000000000001111111111100000000000000000000000000000000000000000000000000000000000000000000000000000000000000000000000000000000000000000000000000000000000000000000000000000000000000000000000000000000000000000000000000000000000000000000000000000000000000000000000000000000000000000000000000000000000000000000000000000000000000000000000000000000000000000000000000000
000000000000000000000000000000000000000000000111111111111111111111111111111111111111111111111111111111111000000000000000000000000000000000000000000000000000000000000000000000000000011111111111111111100000001111111111111111111111111111111111111111111111111111111111111000000000000000000000000000000000000000000000111111111111111111111111111111110000000001111111111111111111111111111111111111111000000000000000000000000000000000000000000000000000000000000000000111111100000000000001111111111100000000000000000000000000000000000000000000000
000000000000000000000000000000000000000000000111111111111111111111111111111111111111111111111111111111111000000000000000000000000000000000000000000000000000000000000000000000000000011111111111111111100000001111111111111111111111111111111111111111111111111111111111111000000000000000000000000000000000000000000000111111111111111111111111111111110000000001111111111111111111111111111111111111111000000000000000000000000000000000000000000000000000000000000000000111111100000000000001111111111100000000000000000000000000000000000000000000000
000000000000000000000000000001111111111111111111111111111111111111111111111111111111111111111111111111111111111111111111111111111111111111111111111111111111111111111111111111111111111111111111111111111111111111111111111111111111111111111111111111111111111111111111111111111111111111111111111111111111111111111111111111111111111111111111111111111111111111111111111111111111111111111111111111111111111111111111111111111111111111110000000111111111111111111111111111111111111111111111111111111111111111111111111111111100000000000000000000000
000000000000000000000000000001111111111111111111111111111111111111111111111111111111111111111111111111111111111111111111111111111111111111111111111111111111111111111111111111111111111111111111111111111111111111111111111111111111111111111111111111111111111111111111111111111111111111111111111111111111111111111111111111111111111111111111111111111111111111111111111111111111111111111111111111111111111111111111111111111111111111110000000111111111111111111111111111111111111111111111111111111111111111111111111111111100000000000000000000000
000000000000000000000000000001111111111111111111111111111111111111111111111111111111111111111111111111111111111111111111111111111111111111111111111111111111111111111111111111111111111111111111111111111111111111111111111111111111111111111111111111111111111111111111111111111111111111111111111111111111111111111111111111111111111111111111111111111111111111111111111111111111111111111111111111111111111111111111111111111111111111111111111111111111111111111111111111111111111111111111111111111111111111111111111111111110000000000000000000000
000000000000000000000000000001111111111111111111111111111111111111111111111111111111111111111111111111111111111111111111111111111111111111111111111111111111111111111111111111111111111111111111111111111111111111111111111111111111111111111111111111111111111111111111111111111111111111111111111111111111111111111111111111111111111111111111111111111111111111111111111111111111111111111111111111111111111111111111111111111111111111111111111111111111111111111111111111111111111111111111111111111111111111111111111111111110000000000000000000000
000000000000000000000000000000000000000000000011111111111111100000000000000000000000000000000000000000001111111111111111111111111111111111110000000000000000000000000000000000000000000000000000000000000000000000000000000000000000000000111111111111111111111111111111111111111111111111111111100000000000000000000000000000000000000000000000000000000000000000000000000000000000000000000000000000000000000000011111111111111111111111111111111111110000000000000000000000000000000000000000000000000000000000000000000000000000000000000000000000000
000000000000000000000000000000000000000000000011111111111111100000000000000000000000000000000000000000001111111111111111111111111111111111110000000000000000000000000000000000000000000000000000000000000000000000000000000000000000000000111111111111111111111111111111111111111111111111111111100000000000000000000000000000000000000000000000000000000000000000000000000000000000000000000000000000000000000000011111111111111111111111111111111111110000000000000000000000000000000000000000000000000000000000000000000000000000000000000000000000000
000000000000000000000000000000000000000000000000000000000000000000000000000000000000000000000000000000001111111111111111111111111111111111110000000000000000000000000000000000000000000000000000000000000000000000000000000000000000000000000000000000000000000000000000000000000000000000000000000000000000000000000000000000000000000000000000000000000000000000000000000000000000000000000000000000000000000000011111111111111111111111111111111111110000000000000000000000000000000000000000000000000000000000000000000000000000000000000000000000000
000000000000000000000000000000000000000000000000000000000000000000000000000000000000000000000000000000001111111111111111111111111111111111110000000000000000000000000000000000000000000000000000000000000000000000000000000000000000000000000000000000000000000000000000000000000000000000000000000000000000000000000000000000000000000000000000000000000000000000000000000000000000000000000000000000000000000000011111111111111111111111111111111111110000000000000000000000000000000000000000000000000000000000000000000000000000000000000000000000000
00000000000000000000000000000aaaaaaaaaaaaaaaa9aaaaaaaaaaaaaaa9999999999999999999999999999999999999999999bcccccccccccccccccccccccccccccccccccaaaaaaaaaaaaaaaaaaaaaaaaaaaaaaaaaaaaaaaaa999988888888888999aaaaaaa9999999999999999999999999999aaaaaaaaaaaaaaaaaaaaaaaaaaaaaaaaabbbbbbbbbbbbbbbbbbbbbbaaaaaaaaaaaaaaaaaaaaaaa99999999999999999999999999999999aaaaaaaaa9999999999999999999999999999999999999999aaaaaaaaaacccccccccccccccccccccccccdddddddcccccaaaaaaaaaaaaaaaaaaa9999999aaaaaaaaaaaaa99999999999aaaaaaaaaaaaaaaaaaaaaaaab0000000000000000000000
00000000000000000000000000000444444444444444468888888888888886666666666666666666666666666666666666666666a888888888888888888888888888888888884444444444444444444444444444444444444444466668888888888866644444446666666666666666666666666666888888888888888888888888888888888666666666666666666666644444444444444444444444666666666666666666666666666666664444444446666666666666666666666666666666666666666444444444488888888888888888888888886666666888884444444444444444444666666644444444444446666666666644444444444444444444444420000000000000000000000
000000000000000000000000000000000000000000000000000000000000000000000000000000000000000000000000000000000000000000000000000000000000000000000000000000000000000000000000000000000000000000000000000000000000000000000000000000000000000000000000000000000000000000000000000000000000000000000000000000000000000000000000000000000000000000000000000000000000000000000000000000000000000000000000000000000000000000000000000000000000000000000000000000000000000000000000000000000000000000000000000000000000000000000000000000000000000000000000000000000
000000000000000000000000000009999999999999999999999999999999999999999999999999999999999999999999999999999999999999999999999999999999999999999999999999999999999999999999999999999999999999999999999999999999999999999999999999999999999999999999999999999999999999999999999999999999999999999999999999999999999999999999999999999999999999999999999999999999999999999999999999999999999999999999999999999999999999999999999999999999999999999999999999999999999999999999999999999999999999999999999999999999999999999999999999999990000000000000000000000
000000000000000000000000000000000000000000000110000000000000000000000000000000000000000000000000000000000100000000000000000000000000000000000000000000000000000000000000000000000000010000000000000010000000001000000000000000000000000000100000000000000000000000000000000100000000000000000000010000000000000000000000000000000000000000000000000000001000000001000000000000000000000000000000000000000100000000000000000000000000000000001000000100000000000000000000000100000010000000000001000000000010000000000000000000000000000000000000000000000
(34.0,29.0)-(34.0,514.0)

-----------------------theta = 1.0, rho = 524.0
000000000000000000000000000000000000000000000000000000000000000000000000000000000000000000000000011111111111111111111100000000000000000000000000111111111111100000000000000000000000000000000000000000000000000000000000000000000000000000000000000000000000000011111111111111111111111111111111111000000000000000000000000000000000000000000000000000000000000000000000000000000000000000000000001111111111111111110000000000000000000000000000000000000000000000000000000000000000000000000000000000000000000000000000000000000000000000000000000000000
000000000000000000000000000000111111100000000001111111111111110000000000000000000000000000000000011111111111111111111110000000000000000000000000111111111111110000000000000000000000000000000000000000000000000000000000000000000000000000000000000000000000000011111111111111111111111111111111110000000000000000000000000000000000000000000000000000000000000000000000000000000000000000000000000111111111111111111100000000000000000000000000000000111111111000000000000000000000000000000000000000000000000000000000000000000000000000000000000000000
000000000000000000000000000001111111100000000001111111111111111111111100000000000011111111111111111111111111111111111110000000000000000000011111111111111111110000000000000000000000000000001111111111111110000000000000000000000000000000000000000000000000000011111111111111111111111111111111110000000000000000000000000000000000000000000000000000000000000000000000000000000000000000000000000111111111111111111110000000000000000000000000000000111111111000000000000000000000000000000000000000000000000000000000000000000000000000000000000000000
000000000000000000000000000001111111111111111111111111111111111111111100000000000011111111111111111111111111111111111111000000000000000000011111111111111111111111111111111111111000000000001111111111111111111111100000000111111111111111000000000000000000000011111111111111111111111111111111111000000000000000000000000000000000000000000000000000000000000000000000000000000000000000000000000111111111111111111110000000000000000000000000000000111111111000000000000000000000000000000000000000000000000000000000000000000000000000000000000000000
000000000000000000000000000001111111111111111111111111111111111111111111000000001111111111111111111111111111111111111111111111111111111111111111111111111111111111111111111111111110000000111111111111111111111111100000000111111111111111111111111111111111111111111111111111111111111111111111111111111110000000000000000000000000000000000000000000001111111111111111111111111111111110000000000111111111111111111111111111111111111111111111111111111111111000000000000000000000000000000000000000000000000000000000000000000000000000000000000000000
000000000000000000000000000001111111111111111111111111111111111111111111000000001111111111111111111111111111111111111111111111111111111111111111111111111111111111111111111111111110000000111111111111111111111111111111111111111111111111111111111111111111111111111111111111111111111111111111111111111110000000000000000000000000000000111111111111111111111111111111111111111111111111111111111111111111111111111111111111111111111111111111111111111111111000000000000000000000000000000000000000000000000000000000000000000000000000000000000000000
000000000000000000000000000001111111111111111111111111111111111111111111111111111111111111111111111111111111111111111111111111111111111111111111111111111111111111111111111111111111111111111111111111111111111111111111111111111111111111111111111111111111111111111111111111111111111111111111111111111111111111111111111111110000000000111111111111111111111111111111111111111111111111111111111111111111111111111111111111111111111111111111111111111111111000000000001111111111111111111111111111111111000000000000000000000000000000000000000000000
000000000000000000000000000001111111111111111111111111111111111111111111111111111111111111111111111111111111111111111111111111111111111111111111111111111111111111111111111111111111111111111111111111111111111111111111111111111111111111111111111111111111111111111111111111111111111111111111111111111111111111111111111111111111111111111111111111111111111111111111111111111111111111111111111111111111111111111111111111111111111111111111111111111111111100000001111111111111111111111111111111111111111111111111111111111111111000000000000000000
000000000000000000000000000000011111111111111111111111111111111111111111111111111111111111111111111111111111111111111111111111111111111111111111111111111111111111111111111111111111111111111111111111111111111111111111111111111111111111111111111111111111111111111111111111111111111111111111111111111111111111111111111111111111111111111111111111111111111111111111111111111111111111111111111111111111111111111111111111111111111111111111111111111111111100000001111111111111111111111111111111111111111111111111111111111111111000000000000000000
000000000000000000000000000000011111111111111111111111111111111111111111111111111111111111111111111111111111111111111111111111111111111111111111111111111111111111111111111111111111111111111111111111111111111111111111111111111111111111111111111111111111111111111111111111111111111111111111111111111111111111111111111111111111111111111111111111111111111111111111111111111111111111111111111111111111111111111111111111111111111111111111111111111111111111111111111111111111111111111111111111111111111111111111111111111111111000000000000000000
000000000000000000000000000000001111111111111111111111111111111111111111111111111111111111111111111111111111111111111111111111111111111111111111111111111111111111111111111111111111111111111111111111111111111111111111111111111111111111111111111111111111111111111111111111111111111111111111111111111111111111111111111111111111111111111111111111111111111111111111111111111111111111111111111111111111111111111111111111111111111111111111111111111111111111111111111111111111111111111111111111111111111111111111111111111111111000000000000000000
000000000000000000000000000000001111111111111111111111111111111111111111111111111111111111111111111000000000000000000000111111111111111111111111111111111111111111111111111111111111111111111111111111111111111111111111111110000000000000111111111111111111111111111111111111111111111111111111111111111111111111111111111111111111111111111111111111111111111111111111111111111111111111111111111111111111111111111111111111111111111111111111111111111111111111111111111111111111111111111111111111111111111111111111111111111111111000000000000000000
000000000000000000000000000000000011111111111111111111111111111111111111111111111111111111111111111000000000000000000000000000000000000000000000000011111111111111111111111111111111111111100000000000000000001111111111111110000000000000000000000000000000000000000001111111111111111111111111111111110000000111111111111111111111111111111111111111111100000000000000000000000000000001111111111111111111111111111111111111111111111111111111111111111111111111111111111111111111111111111111111111111111111111111111111111111111111000000000000000000
000000000000000000000000000000000011111111111111111111111111111111111111111111111111111111111111110000000000000000000000000000000000000000000000000000000000000000000000000000000111111111100000000000000000000000000000000000000000000000000000000000000000000000000000000000000000000000000000000000000000000111111111110000000000000000000000000000000000000000000000000000000000000000000000000000000000000000000000000111111111111111111111111111111111111111111111111111111111111111111111111111111111111111111111111111111111110000000000000000000
000000000000000000000000000000000011111111111111111111111111111111111111111111111100000000011111110000000000000000000000000000000000000000000000000000000000000000000000000000000000000000000000000000000000000000000000000000000000000000000000000000000000000000000000000000000000000000000000000000000000000000000000000000000000000000000000000000000000000000000000000000000000000000000000000000000000000000000000000000000000000000000000000111111111111111111111111111111111111111111100000000000000111111111111111111111111110000000000000000000
0000000000000000000000000000065677999aaaaaaaaaa99999999999999999999999aabbbbbbbbaa99999999999999987666666666666666666678999999999999999999988888777777777777789999999999999999999aabbbbbbba988888888888888888899999aaaaaaaa99888888888888899999999999999999999997777777777777777777777777777777777899999999aaaabbbbbbbbbbbaaaaaabbbbbbbbbbaaaaaaaaaaaaaa999999999999999999999999999999999aaaaaaaaa9777777777777777778889999aaaaaaaaaaaaaaaaaaaaaaaaaaa999999999cdddddddcccbbbbbbbbbbbbbbbbbbbbbbbbbbbbbbbbbbccccccccccccccccccccccccccb000000000000000000
00000000000000000000000000000679bbeeecccccccccceeeeeeeeeeeeeeeddddddddbb99999999bbcccccccccddddddfdbbbbbbbbbbbbbbbbbbba88888888888888888888aaaaaccccdddddddddcaaaaaaaaaaaaaaaaaaaaa8888888a8aaaaaaaaaaaaaaa999aaaaa88888888aa88888888888888888888888888888888888cccccccdddddddddddddddddddddddddddb999998886666888888888887777776666666666888888888888889988888888888888888888888888888888888888889dddddddddddddddddccb9999aaaaaaaaaaaaaaaaaaaaaaaabbbeeeeeeeee866666668889999999999999999999988888888888888888888888888888888888888886000000000000000000
000000000000000000000000000000101111111111111111111111111110000000000000111111100000000000000000000000000000000000000000000000000000000000000000000000000000000000000000000000000000000000000000000000000000000000000000000000000000000000000000000000000000000000000000000000000000000000000000000000000000000000000000000000000000000000000000000000000000000000000000000000000000000000000000000000000000000000000000000000000000000000000000000000000000000000000000000000000000000000000000000000000000000000000000000000000000000000000000000000000
000000000000000000000000000009999999999999999999999999999999999999999999999999999999999999999999999999999999999999999999999999999999999999999999999999999999999999999999999999999999999999999999999999999999999999999999999999999999999999999999999999999999999999999999999999999999999999999999999999999999999999999999999999999999999999999999999999999999999999999999999999999999999999999999999999999999999999999999999999999999999999999999999999999999999999999999999999999999999999999999999999999999999999999999999999999999999000000000000000000
000000000000000000000000000000110000010000000001000000000000000000000010000000001000000000000000000000000000000000000010000000000000000000010000000000000000010000000000000000000000000000100000000000000000001000000000000100000000000000100000000000000000000000000000000000000000000000000000001000000000000000000000001000001000000000100000000000000000000000000000000000000000000001000000001000000000000000001000000000000000000000000000000000100000000010000001000000000000000000000000000000000000100000000000000000000000001000000000000000000
(523.5736230120893,29.0)-(515.0380962621908,518.0)

-----------------------theta = 1.0, rho = 524.0
000000000000000000000000000000000000000000000000000000000000000000000000000000000000000000000000011111111111111111111100000000000000000000000000111111111111100000000000000000000000000000000000000000000000000000000000000000000000000000000000000000000000000011111111111111111111111111111111111000000000000000000000000000000000000000000000000000000000000000000000000000000000000000000000001111111111111111110000000000000000000000000000000000000000000000000000000000000000000000000000000000000000000000000000000000000000000000000000000000000
000000000000000000000000000000111111100000000001111111111111110000000000000000000000000000000000011111111111111111111110000000000000000000000000111111111111110000000000000000000000000000000000000000000000000000000000000000000000000000000000000000000000000011111111111111111111111111111111110000000000000000000000000000000000000000000000000000000000000000000000000000000000000000000000000111111111111111111100000000000000000000000000000000111111111000000000000000000000000000000000000000000000000000000000000000000000000000000000000000000
000000000000000000000000000001111111100000000001111111111111111111111100000000000011111111111111111111111111111111111110000000000000000000011111111111111111110000000000000000000000000000001111111111111110000000000000000000000000000000000000000000000000000011111111111111111111111111111111110000000000000000000000000000000000000000000000000000000000000000000000000000000000000000000000000111111111111111111110000000000000000000000000000000111111111000000000000000000000000000000000000000000000000000000000000000000000000000000000000000000
000000000000000000000000000001111111111111111111111111111111111111111100000000000011111111111111111111111111111111111111000000000000000000011111111111111111111111111111111111111000000000001111111111111111111111100000000111111111111111000000000000000000000011111111111111111111111111111111111000000000000000000000000000000000000000000000000000000000000000000000000000000000000000000000000111111111111111111110000000000000000000000000000000111111111000000000000000000000000000000000000000000000000000000000000000000000000000000000000000000
000000000000000000000000000001111111111111111111111111111111111111111111000000001111111111111111111111111111111111111111111111111111111111111111111111111111111111111111111111111110000000111111111111111111111111100000000111111111111111111111111111111111111111111111111111111111111111111111111111111110000000000000000000000000000000000000000000001111111111111111111111111111111110000000000111111111111111111111111111111111111111111111111111111111111000000000000000000000000000000000000000000000000000000000000000000000000000000000000000000
000000000000000000000000000001111111111111111111111111111111111111111111000000001111111111111111111111111111111111111111111111111111111111111111111111111111111111111111111111111110000000111111111111111111111111111111111111111111111111111111111111111111111111111111111111111111111111111111111111111110000000000000000000000000000000111111111111111111111111111111111111111111111111111111111111111111111111111111111111111111111111111111111111111111111000000000000000000000000000000000000000000000000000000000000000000000000000000000000000000
000000000000000000000000000001111111111111111111111111111111111111111111111111111111111111111111111111111111111111111111111111111111111111111111111111111111111111111111111111111111111111111111111111111111111111111111111111111111111111111111111111111111111111111111111111111111111111111111111111111111111111111111111111110000000000111111111111111111111111111111111111111111111111111111111111111111111111111111111111111111111111111111111111111111111000000000001111111111111111111111111111111111000000000000000000000000000000000000000000000
000000000000000000000000000001111111111111111111111111111111111111111111111111111111111111111111111111111111111111111111111111111111111111111111111111111111111111111111111111111111111111111111111111111111111111111111111111111111111111111111111111111111111111111111111111111111111111111111111111111111111111111111111111111111111111111111111111111111111111111111111111111111111111111111111111111111111111111111111111111111111111111111111111111111111100000001111111111111111111111111111111111111111111111111111111111111111000000000000000000
000000000000000000000000000000011111111111111111111111111111111111111111111111111111111111111111111111111111111111111111111111111111111111111111111111111111111111111111111111111111111111111111111111111111111111111111111111111111111111111111111111111111111111111111111111111111111111111111111111111111111111111111111111111111111111111111111111111111111111111111111111111111111111111111111111111111111111111111111111111111111111111111111111111111111100000001111111111111111111111111111111111111111111111111111111111111111000000000000000000
000000000000000000000000000000011111111111111111111111111111111111111111111111111111111111111111111111111111111111111111111111111111111111111111111111111111111111111111111111111111111111111111111111111111111111111111111111111111111111111111111111111111111111111111111111111111111111111111111111111111111111111111111111111111111111111111111111111111111111111111111111111111111111111111111111111111111111111111111111111111111111111111111111111111111111111111111111111111111111111111111111111111111111111111111111111111111000000000000000000
000000000000000000000000000000001111111111111111111111111111111111111111111111111111111111111111111111111111111111111111111111111111111111111111111111111111111111111111111111111111111111111111111111111111111111111111111111111111111111111111111111111111111111111111111111111111111111111111111111111111111111111111111111111111111111111111111111111111111111111111111111111111111111111111111111111111111111111111111111111111111111111111111111111111111111111111111111111111111111111111111111111111111111111111111111111111111000000000000000000
000000000000000000000000000000001111111111111111111111111111111111111111111111111111111111111111111000000000000000000000111111111111111111111111111111111111111111111111111111111111111111111111111111111111111111111111111110000000000000111111111111111111111111111111111111111111111111111111111111111111111111111111111111111111111111111111111111111111111111111111111111111111111111111111111111111111111111111111111111111111111111111111111111111111111111111111111111111111111111111111111111111111111111111111111111111111111000000000000000000
000000000000000000000000000000000011111111111111111111111111111111111111111111111111111111111111111000000000000000000000000000000000000000000000000011111111111111111111111111111111111111100000000000000000001111111111111110000000000000000000000000000000000000000001111111111111111111111111111111110000000111111111111111111111111111111111111111111100000000000000000000000000000001111111111111111111111111111111111111111111111111111111111111111111111111111111111111111111111111111111111111111111111111111111111111111111111000000000000000000
000000000000000000000000000000000011111111111111111111111111111111111111111111111111111111111111110000000000000000000000000000000000000000000000000000000000000000000000000000000111111111100000000000000000000000000000000000000000000000000000000000000000000000000000000000000000000000000000000000000000000111111111110000000000000000000000000000000000000000000000000000000000000000000000000000000000000000000000000111111111111111111111111111111111111111111111111111111111111111111111111111111111111111111111111111111111110000000000000000000
000000000000000000000000000000000011111111111111111111111111111111111111111111111100000000011111110000000000000000000000000000000000000000000000000000000000000000000000000000000000000000000000000000000000000000000000000000000000000000000000000000000000000000000000000000000000000000000000000000000000000000000000000000000000000000000000000000000000000000000000000000000000000000000000000000000000000000000000000000000000000000000000000111111111111111111111111111111111111111111100000000000000111111111111111111111111110000000000000000000
0000000000000000000000000000065677999aaaaaaaaaa99999999999999999999999aabbbbbbbbaa99999999999999987666666666666666666678999999999999999999988888777777777777789999999999999999999aabbbbbbba988888888888888888899999aaaaaaaa99888888888888899999999999999999999997777777777777777777777777777777777899999999aaaabbbbbbbbbbbaaaaaabbbbbbbbbbaaaaaaaaaaaaaa999999999999999999999999999999999aaaaaaaaa9777777777777777778889999aaaaaaaaaaaaaaaaaaaaaaaaaaa999999999cdddddddcccbbbbbbbbbbbbbbbbbbbbbbbbbbbbbbbbbbccccccccccccccccccccccccccb000000000000000000
00000000000000000000000000000679bbeeecccccccccceeeeeeeeeeeeeeeddddddddbb99999999bbcccccccccddddddfdbbbbbbbbbbbbbbbbbbba88888888888888888888aaaaaccccdddddddddcaaaaaaaaaaaaaaaaaaaaa8888888a8aaaaaaaaaaaaaaa999aaaaa88888888aa88888888888888888888888888888888888cccccccdddddddddddddddddddddddddddb999998886666888888888887777776666666666888888888888889988888888888888888888888888888888888888889dddddddddddddddddccb9999aaaaaaaaaaaaaaaaaaaaaaaabbbeeeeeeeee866666668889999999999999999999988888888888888888888888888888888888888886000000000000000000
000000000000000000000000000000101111111111111111111111111110000000000000111111100000000000000000000000000000000000000000000000000000000000000000000000000000000000000000000000000000000000000000000000000000000000000000000000000000000000000000000000000000000000000000000000000000000000000000000000000000000000000000000000000000000000000000000000000000000000000000000000000000000000000000000000000000000000000000000000000000000000000000000000000000000000000000000000000000000000000000000000000000000000000000000000000000000000000000000000000
000000000000000000000000000009999999999999999999999999999999999999999999999999999999999999999999999999999999999999999999999999999999999999999999999999999999999999999999999999999999999999999999999999999999999999999999999999999999999999999999999999999999999999999999999999999999999999999999999999999999999999999999999999999999999999999999999999999999999999999999999999999999999999999999999999999999999999999999999999999999999999999999999999999999999999999999999999999999999999999999999999999999999999999999999999999999999000000000000000000
000000000000000000000000000000110000010000000001000000000000000000000010000000001000000000000000000000000000000000000010000000000000000000010000000000000000010000000000000000000000000000100000000000000000001000000000000100000000000000100000000000000000000000000000000000000000000000000000001000000000000000000000001000001000000000100000000000000000000000000000000000000000000001000000001000000000000000001000000000000000000000000000000000100000000010000001000000000000000000000000000000000000100000000000000000000000001000000000000000000
(523.5736230120893,29.0)-(515.0380962621908,518.0)

-----------------------theta = 91.0, rho = 23.0
000000000000000000000000000000000000000000000000000000000000000000000000000000000000000000000000000000000000000000000000000000000000000000000000000000000000000000000000000000000000000000000000000000000000000000000000000000000000000000000000000000000000000000000000000000000000000000000000000000000000000000000000000000000000000000000000000000000000000000000000000000000000000000000000000000000000000000000000000000000000000000000000000000000000000000000000000000000000000000000000000000000000000000000000000000000000000000000000000000000000000000000
000000000000000000000000000000000000000000000000000000000000000000000000000000000000000000000000000000000000000000000000000000000000000000000000000000000000000000000000000000000000000000000000000000000000000000000000000000000000000000000000000000000000000000000000000000000000000000000000000000000000000000000000000000000000000000000000000000000000000000000000000000000000011111111111111111000000000000000000000000000000000000000000000000000000000000000000000000000000000000000000000000000000000000011111111111100000000000000000000000000000000000000
000000000000000000000000000000000000000000000000000000000000000000000000000000000000000000000000000000000000000000000000000000000000000000000000000000000000000000000000000000000000000000000000000000000000000000000000000000000000000000000000000000000000000000000000000000000000000000000001111111111111111111100000000000000000000000000000000000000000000000000000111111111111111111111111111111000000000000000000000000000000000000000000000000000000000000000000000111111111111111111111100000000000000000011111111111100000000000000000000000000000000000000
000000000000000000000000000000000000000000000000000000000000000000000000000000000000000000000000000000000000000000000000000000000000000000000000000000000000000000000000000000000000000000000000000000000000000000000000000000000000000000000000000000000000000000011111111111111111111111111111111111111111111111100000000000000000000000000000000000000000000000000000111111111111111111111111111111100000000000000000000000000000000000000011111111111111111111111111111111111111111111111111100000000000000000111111111111111111111111110000000000000000000000000
000000000000000000000000000000000000000000000000000000000000000000000000000000000000000000000000000000000000000000000000000000000000000000000000000000000000000000000000000000000000000000000000000000000000000000000000000000000000000000000000000000000000000000011111111111111111111111111111111111111111111111111111111111110000000000000000000000000000000000000001111111111111111111111111111111100000000000000000000000011111111111111111111111111111111111111111111111111111111111111111110000000011111111111111111111111111111111111000000000000000000000000
000000000000000000000000000000000000000000000000000000000000000000000000000000000000000000000000000000000000000000000000000000000000000000000000111111111111111100000000000000000000000000000000000000000000000000000000000000000000000000000000000000000000000000111111111111111111111111111111111111111111111111111111111111110000000111111111111111110000000000000001111111111111111111111111111111111111111111111000000000011111111111111111111111111111111111111111111111111111111111111111110000000111111111111111111111111111111111111000000000000000000000000
000000000000000000000000000000000000000000000000000000000000000000000000000000000000000000000000000000000000000000000000000000000000000000000111111111111111111100000000000000000000000000011111111111111000000000000000000000000000011111111111111111111111111111111111111111111111111111111111111111111111111111111111111111110000000111111111111111111111111111111111111111111111111111111111111111111111111111111000000000011111111111111111111111111111111111111111111111111111111111111111111111111111111111111111111111111111111111111100000000000000000000000
000000000000000000000000000000000000000000000000000000000000000000000000000000000000001111111111111111111000000000000000000000000000000000000111111111111111111111000000000000000000000000011111111111111111111111111111111111111111111111111111111111111111111111111111111111111111111111111111111111111111111111111111111000000000001111111111111111111111111111111111111111111111111111111111111100000000111111111000000000011111111111111111111111111111111111111111111111111111111111111111111111111111111111111111111111111111111111111100000000000000000000000
000000000000000000000000000000000000000000000000000000000011111111111111111111111111111111111111111111111000000000000000000000000000000001111111111111111111111111000000000011111111111111111111111111111111111111111111111111111111111111111111111111111111111111111111111111111111111111111111111100000000000000000000000000000000001111111111111111111111111111111111111111111111111111111111111100000000000000000000000000000000011111111111111111111111111111111111111000000000000000000000000000111111111111111111111111111111111111111100000000000000000000000
000000000000000000000000000000000000000000000001111111111111111111111111111111111111111111111111111111111111111111000000000000000000000001111111111111111111111111111111111111111111111111111111111111111111111111111111111111111111111111111111111111111111111111111111111111111111111111111111111100000000000000000000000000000000000111111111111111111111111111111111111111111111100000000000000000000000000000000000000000000000011111111111111111111111111111111110000000000000000000000000000000000000000000000000000000000111111111111100000000000000000000000
000000000000000000000000000000000000000000000001111111111111111111111111111111111111111111111111111111111111111111111111111111111111111111111111111111111111111111111111111111111111111111111111111111111111111111111111111111111111111111000000000000000111111111111111111111111111111111111111110000000000000000000000000000000000000111111111111111110000000000000000000000000000000000000000000000000000000000000000000000000000011111111111111111111111111111111110000000000000000000000000000000000000000000000000000000000000000111111110000000000000000000000
000000000000000000000000000000000000000000000001111111111111111111111111111111111111111111111111111111111111111111111111111111111111111111111111111111111111111111111111111111111111111111111111111111111111111111111111111111111111111111000000000000000111111111111111111111111111111111111111110000000000000000000000000000000000000000000000000000000000000000000000000000000000000000000000000000000000000000000000000000000000011111111111111111111111111111111110000000000000000000000000000000000000000000000000000000000000000111111110000000000000000000000
000000000000000000000000000000000000000000000001111111111100000000000000000011111111111111111111111111111111111111111111111111111111111111111111111111111111111111111111111100000000000000000000000000000000000000000000000000000000000000000000000000000011111111111111111111111111111111111111110000000000000000000000000000000000000000000000000000000000000000000000000000000000000000000000000000000000000000000000000000000000111111111111111111111111111111111110000000000000000000000000000000000000000000000000000000000000000011111110000000000000000000000
00000000000000000000000000000000000000000000000cccccccccccbbbbbbbbbbbbbbbbbbbbbbbbbbbbbbbbbbbbbbbbbbbbbbbccccccccccccccccccccccccccccccccbbbbaaaaaaaaaaaaaaaaaaabbccccccccccbbbbbbbbbbbbbbbaaaaaaaaaaaaaaaaaaaaaaaaaaaaaaaaaaaaaaaaaaaaaaa999999999999999aaaaaaaaaa99999999999999999999999999998887766666666666666677777777666660000009999999999999999999999999999999998777777777777766666666666666655677777777777777000000000077777899999999999999999999999999999999997777666666666666666666666678888888877777777766666666666677777777899999ac0000000000000000000000
0000000000000000000000000000000000000000000000044444444444444444444444444444555555555566666666666666666664444444443333333333333333333333355557778888888888888888664444444444444444444444444666666666666665555555555555555555555555555666664444444444444446777777778aaaaaaaaaaaaaaaaaaaaaaaaaaaabbb88666666666666666444444443333300000026666666666666666644444444444444468888888888888888888888888888664222223333333330000000000444445999999999aaaaaaaaaaaaaaaaaaaaaaaaa66666666666666666666666666422223334555555556888888888888667777779aaaa9730000000000000000000000
000000000000000000000000000000000000000000000000000000000000000000000000000000000000000000000000000000000000000000000000000000000000000000000000000000000000000000000000000000000000000000000000000000000000000000000000000000000000000000000000000000000000000000000000000000000000000000000000000000000000000000000000000000000000000000000000000000000000000000000000000000000000000000000000000000000000000000000000000000000000000000000000000000000000000000000000000000000000000000000000000000000000000000000000000000000000000000000000000000000000000000000
000000000000000000000000000000000000000000000009999999999999999999999999999999999999999999999999999999999999999999999999999999999999999999999999999999999999999999999999999999999999999999999999999999999999999999999999999999999999999999999999999999999999999999999999999999999999999999999999999999999999999999999999999999990000009999999999999999999999999999999999999999999999999999999999999999999999999999999000000000099999999999999999999999999999999999999999999999999999999999999999999999999999999999999999999999999999999999999990000000000000000000000
000000000000000000000000000000000000000000000000000000000010000000000000000000000000000000000000000000000100000000000000000000000000000001000000000000000000000010000000000010000000000000000000000000000000000000000000000000000000000000100000000000000100000000010000000000000000000000000000000000000000000000010000000100000000000000000000000000000000000000000001000000000000000000000000000000100000000000000000000000000000100000000000000000000000000000000000000100000000000000000000010000000010000000000000000000010000000000000000000000000000000000000
(47.0,23.823891596636102)-(526.0,32.18486769725231)

-----------------------theta = 91.0, rho = 23.0
000000000000000000000000000000000000000000000000000000000000000000000000000000000000000000000000000000000000000000000000000000000000000000000000000000000000000000000000000000000000000000000000000000000000000000000000000000000000000000000000000000000000000000000000000000000000000000000000000000000000000000000000000000000000000000000000000000000000000000000000000000000000000000000000000000000000000000000000000000000000000000000000000000000000000000000000000000000000000000000000000000000000000000000000000000000000000000000000000000000000000000000
000000000000000000000000000000000000000000000000000000000000000000000000000000000000000000000000000000000000000000000000000000000000000000000000000000000000000000000000000000000000000000000000000000000000000000000000000000000000000000000000000000000000000000000000000000000000000000000000000000000000000000000000000000000000000000000000000000000000000000000000000000000000011111111111111111000000000000000000000000000000000000000000000000000000000000000000000000000000000000000000000000000000000000011111111111100000000000000000000000000000000000000
000000000000000000000000000000000000000000000000000000000000000000000000000000000000000000000000000000000000000000000000000000000000000000000000000000000000000000000000000000000000000000000000000000000000000000000000000000000000000000000000000000000000000000000000000000000000000000000001111111111111111111100000000000000000000000000000000000000000000000000000111111111111111111111111111111000000000000000000000000000000000000000000000000000000000000000000000111111111111111111111100000000000000000011111111111100000000000000000000000000000000000000
000000000000000000000000000000000000000000000000000000000000000000000000000000000000000000000000000000000000000000000000000000000000000000000000000000000000000000000000000000000000000000000000000000000000000000000000000000000000000000000000000000000000000000011111111111111111111111111111111111111111111111100000000000000000000000000000000000000000000000000000111111111111111111111111111111100000000000000000000000000000000000000011111111111111111111111111111111111111111111111111100000000000000000111111111111111111111111110000000000000000000000000
000000000000000000000000000000000000000000000000000000000000000000000000000000000000000000000000000000000000000000000000000000000000000000000000000000000000000000000000000000000000000000000000000000000000000000000000000000000000000000000000000000000000000000011111111111111111111111111111111111111111111111111111111111110000000000000000000000000000000000000001111111111111111111111111111111100000000000000000000000011111111111111111111111111111111111111111111111111111111111111111110000000011111111111111111111111111111111111000000000000000000000000
000000000000000000000000000000000000000000000000000000000000000000000000000000000000000000000000000000000000000000000000000000000000000000000000111111111111111100000000000000000000000000000000000000000000000000000000000000000000000000000000000000000000000000111111111111111111111111111111111111111111111111111111111111110000000111111111111111110000000000000001111111111111111111111111111111111111111111111000000000011111111111111111111111111111111111111111111111111111111111111111110000000111111111111111111111111111111111111000000000000000000000000
000000000000000000000000000000000000000000000000000000000000000000000000000000000000000000000000000000000000000000000000000000000000000000000111111111111111111100000000000000000000000000011111111111111000000000000000000000000000011111111111111111111111111111111111111111111111111111111111111111111111111111111111111111110000000111111111111111111111111111111111111111111111111111111111111111111111111111111000000000011111111111111111111111111111111111111111111111111111111111111111111111111111111111111111111111111111111111111100000000000000000000000
000000000000000000000000000000000000000000000000000000000000000000000000000000000000001111111111111111111000000000000000000000000000000000000111111111111111111111000000000000000000000000011111111111111111111111111111111111111111111111111111111111111111111111111111111111111111111111111111111111111111111111111111111000000000001111111111111111111111111111111111111111111111111111111111111100000000111111111000000000011111111111111111111111111111111111111111111111111111111111111111111111111111111111111111111111111111111111111100000000000000000000000
000000000000000000000000000000000000000000000000000000000011111111111111111111111111111111111111111111111000000000000000000000000000000001111111111111111111111111000000000011111111111111111111111111111111111111111111111111111111111111111111111111111111111111111111111111111111111111111111111100000000000000000000000000000000001111111111111111111111111111111111111111111111111111111111111100000000000000000000000000000000011111111111111111111111111111111111111000000000000000000000000000111111111111111111111111111111111111111100000000000000000000000
000000000000000000000000000000000000000000000001111111111111111111111111111111111111111111111111111111111111111111000000000000000000000001111111111111111111111111111111111111111111111111111111111111111111111111111111111111111111111111111111111111111111111111111111111111111111111111111111111100000000000000000000000000000000000111111111111111111111111111111111111111111111100000000000000000000000000000000000000000000000011111111111111111111111111111111110000000000000000000000000000000000000000000000000000000000111111111111100000000000000000000000
000000000000000000000000000000000000000000000001111111111111111111111111111111111111111111111111111111111111111111111111111111111111111111111111111111111111111111111111111111111111111111111111111111111111111111111111111111111111111111000000000000000111111111111111111111111111111111111111110000000000000000000000000000000000000111111111111111110000000000000000000000000000000000000000000000000000000000000000000000000000011111111111111111111111111111111110000000000000000000000000000000000000000000000000000000000000000111111110000000000000000000000
000000000000000000000000000000000000000000000001111111111111111111111111111111111111111111111111111111111111111111111111111111111111111111111111111111111111111111111111111111111111111111111111111111111111111111111111111111111111111111000000000000000111111111111111111111111111111111111111110000000000000000000000000000000000000000000000000000000000000000000000000000000000000000000000000000000000000000000000000000000000011111111111111111111111111111111110000000000000000000000000000000000000000000000000000000000000000111111110000000000000000000000
000000000000000000000000000000000000000000000001111111111100000000000000000011111111111111111111111111111111111111111111111111111111111111111111111111111111111111111111111100000000000000000000000000000000000000000000000000000000000000000000000000000011111111111111111111111111111111111111110000000000000000000000000000000000000000000000000000000000000000000000000000000000000000000000000000000000000000000000000000000000111111111111111111111111111111111110000000000000000000000000000000000000000000000000000000000000000011111110000000000000000000000
00000000000000000000000000000000000000000000000cccccccccccbbbbbbbbbbbbbbbbbbbbbbbbbbbbbbbbbbbbbbbbbbbbbbbccccccccccccccccccccccccccccccccbbbbaaaaaaaaaaaaaaaaaaabbccccccccccbbbbbbbbbbbbbbbaaaaaaaaaaaaaaaaaaaaaaaaaaaaaaaaaaaaaaaaaaaaaaa999999999999999aaaaaaaaaa99999999999999999999999999998887766666666666666677777777666660000009999999999999999999999999999999998777777777777766666666666666655677777777777777000000000077777899999999999999999999999999999999997777666666666666666666666678888888877777777766666666666677777777899999ac0000000000000000000000
0000000000000000000000000000000000000000000000044444444444444444444444444444555555555566666666666666666664444444443333333333333333333333355557778888888888888888664444444444444444444444444666666666666665555555555555555555555555555666664444444444444446777777778aaaaaaaaaaaaaaaaaaaaaaaaaaaabbb88666666666666666444444443333300000026666666666666666644444444444444468888888888888888888888888888664222223333333330000000000444445999999999aaaaaaaaaaaaaaaaaaaaaaaaa66666666666666666666666666422223334555555556888888888888667777779aaaa9730000000000000000000000
000000000000000000000000000000000000000000000000000000000000000000000000000000000000000000000000000000000000000000000000000000000000000000000000000000000000000000000000000000000000000000000000000000000000000000000000000000000000000000000000000000000000000000000000000000000000000000000000000000000000000000000000000000000000000000000000000000000000000000000000000000000000000000000000000000000000000000000000000000000000000000000000000000000000000000000000000000000000000000000000000000000000000000000000000000000000000000000000000000000000000000000
000000000000000000000000000000000000000000000009999999999999999999999999999999999999999999999999999999999999999999999999999999999999999999999999999999999999999999999999999999999999999999999999999999999999999999999999999999999999999999999999999999999999999999999999999999999999999999999999999999999999999999999999999999990000009999999999999999999999999999999999999999999999999999999999999999999999999999999000000000099999999999999999999999999999999999999999999999999999999999999999999999999999999999999999999999999999999999999990000000000000000000000
000000000000000000000000000000000000000000000000000000000010000000000000000000000000000000000000000000000100000000000000000000000000000001000000000000000000000010000000000010000000000000000000000000000000000000000000000000000000000000100000000000000100000000010000000000000000000000000000000000000000000000010000000100000000000000000000000000000000000000000001000000000000000000000000000000100000000000000000000000000000100000000000000000000000000000000000000100000000000000000000010000000010000000000000000000010000000000000000000000000000000000000
(47.0,23.823891596636102)-(526.0,32.18486769725231)

-----------------------theta = 0.0, rho = 117.0
000000000000000000000000000000000000000000000000000000000000000000000000000000000000000000000000000000000000000000000000000000000000000000000000000000000000000000000000000000000000000000000000000000000000000000000000000000000000000000001111111100000000000000000000000000000000000000000000000000000000000000000000000000000000000000000000000000000000000000000000000000000000011111111110000000000000000000000000000000000000000000000000000000000000000000000111111110000000000000000000000000000000000000000000000011111111000000000000000000000
000000000000000000000000000000000000000000000000000000000000000000000000000111111100000000000000000000000000000000000000000000000000000000000000000000000000000000000000000000000000000000000000000000000000000000000000000000000000000000000111111110000000000000000000000000000000000000000000000000000000000000000000000000000000000000000000000000000000000000000000000000000000011111111111111111111111100000000000000000000000000111111100000000000000011111111111111111110000000000000000000000000000000000000000000011111111000000000000000000000
000000000000000000000000000000000000000000000000000000000000000000000000000111111100000000000000000000000000000000000000000000000000000000000000000000000000000000000000000000000000000000000000000000000000000000000000000000000000000000000111111110000000000000000000000000000000000000000000000000000000000000000000000000000000000000000000000000000000000000000000000000000000011111111111111111111111100000000000000000000000000111111100000000000000011111111111111111110000000000000000000000000000000000000000000011111111000000000000000000000
000000000000000000000000000000000000000000000000000000000000000000000000000111111111111111111111000000000000000000000000000000001111111111111111000000000000000000000000000000000000000000000000000000000000000000000000000000000000000000000011111111000000000000000001111111111111111111111111111111111111111111100000000000000000000000000000000000000000000000000000000000000000001111111111111111111111110000000000000000000000001111111111111111111111111111111111111111111000000000000000000000000000000000000000000011111111000000000000000000000
000000000000000000000000000000000000000000000000000000000000000000000000000111111111111111111111000000000000000000000000000000001111111111111111000000000000000000000000000000000000000000000000000000000000000000000000000000000000000000000011111111000000000000000001111111111111111111111111111111111111111111100000000000000000000000000000000000000000000000000000000000000000001111111111111111111111110000000000000000000000001111111111111111111111111111111111111111111000000000000000000000000000000000000000000011111111000000000000000000000
000000000000000000000000000000000000000000000000000000000000000000000000000011111111111111111111100000000000000000000000000000011111111111111111111111111111111111110000000000000000000000000000000000000000000000000000000000000000000000000001111111000000000000000001111111111111111111111111111111111111111111110000000000000000000000000000000000000000000000000000000000000000000111111111111111111111110000000000000000000000001111111111111111111111111111111111111111111000000000000000000000000000000000000000000011111111000000000000000000000
000000000000000000000000000000000000000000000000000000000000000000000000000011111111111111111111100000000000000000000000000000011111111111111111111111111111111111110000000000000000000000000000000000000000000000000000000000000000000000000001111111000000000000000001111111111111111111111111111111111111111111110000000000000000000000000000000000000000000000000000000000000000000111111111111111111111110000000000000000000000001111111111111111111111111111111111111111111000000000000000000000000000000000000000000011111111000000000000000000000
000000000000000000000000000000000000000000000000000000000000000000000000000001111111111111111111100000000000000000000000000000011111111111111111111111111111111111111111000000000000000000000000000000000000000000000000000000000000000000000000000000000000000000000001111111111111111111111111111111111111111111111000000000000000000000000000000000000000000000000000000000000000000011111111111111111111110000000000000000000000001111111111111111111111111111111111111111111000000000000000000000000000000000000000000011111111000000000000000000000
000000000000000000000000000000000000000000000000000000000000000000000000000001111111111111111111100000000000000000000000000000011111111111111111111111111111111111111111000000000000000000000000000000000000000000000000000000000000000000000000000000000000000000000001111111111111111111111111111111111111111111111000000000000000000000000000000000000000000000000000000000000000000011111111111111111111110000000000000000000000001111111111111111111111111111111111111111111000000000000000000000000000000000000000000011111111000000000000000000000
000000000000000000000000000000000000000000000000000000000000000000000000000000111111111111111111000000000000000000000000000000011111111111111111111111111111111111111111100000000000000000000000000000000000000000000000000000000000000000000000000000000000000000000001111111111111111111111111111111111111111111111000000000000000000000000000000000000000000000000000000000000000000000111111111111111111100000000000000000000000011111111111111111111111111111111111111111111000000000000000000000000000000000000000000011111111000000000000000000000
000000000000000000000000000000000000000000000000000000000000000000000000000000111111111111111111000000000000000000000000000000011111111111111111111111111111111111111111100000000000000000000000000000000000000000000000000000000000000000000000000000000000000000000001111111111111111111111111111111111111111111111000000000000000000000000000000000000000000000000000000000000000000000111111111111111111100000000000000000000000011111111111111111111111111111111111111111111000000000000000000000000000000000000000000011111111000000000000000000000
000000000000000000000000000000000000000000000000000000000000000000000000000000011111111111111110000000000000000000000000000000011111111111111111111111111111111111111111100000000000000000000000000000000000000000000000000000000000000000000000000000000000000000000000111111111111111111111111111111111111111111110000000000000000000000000000000000000000000000000000000000000000000000000000000000000000000000000000000000000000011111110000000000000000000000001111111111111000000000000000000000000000000000000000000011111111000000000000000000000
000000000000000000000000000000000000000000000000000000000000000000000000000000011111111111111110000000000000000000000000000000011111111111111111111111111111111111111111100000000000000000000000000000000000000000000000000000000000000000000000000000000000000000000000111111111111111111111111111111111111111111110000000000000000000000000000000000000000000000000000000000000000000000000000000000000000000000000000000000000000011111110000000000000000000000001111111111111000000000000000000000000000000000000000000011111111000000000000000000000
000000000000000000000000000000000000000000000000000000000000000000000000000000000000000000000000000000000000000000000000000000000000000000000001111111111111111111111111100000000000000000000000000000000000000000000000000000000000000000000000000000000000000000000000011111111111111111111111111111111111111111100000000000000000000000000000000000000000000000000000000000000000000000000000000000000000000000000000000000000000000000000000000000000000000000000111111111111000000000000000000000000000000000000000000011111111000000000000000000000
000000000000000000000000000000000000000000000000000000000000000000000000000000000000000000000000000000000000000000000000000000000000000000000001111111111111111111111111100000000000000000000000000000000000000000000000000000000000000000000000000000000000000000000000011111111111111111111111111111111111111111100000000000000000000000000000000000000000000000000000000000000000000000000000000000000000000000000000000000000000000000000000000000000000000000000111111111111000000000000000000000000000000000000000000011111111000000000000000000000
0000000000000000000000000000000000000000000000000000000000000000000000000004567888999999999999988000000000000000000000000000000a999999999999999abbbbbbbbbbbbbbbbbbbbccccd000000000000000000000000000000000000000000000000000000000000000000012344444560000000000000000089aaaaaaaaaaaaaaaaaaaaaaaaaaaaaaaaaaaaaaaaaaaa0000000000000000000000000000000000000000000000000000000000000000234556666677777777777777700000000000000000000000c988888778888888888888887777777888888888999a000000000000000000000000000000000000000000088888888000000000000000000000
000000000000000000000000000000000000000000000000000000000000000000000000000468acccaaaaaaaaaaaaa840000000000000000000000000000008aaaaaaaaaaaaaaacaaaaaaaaaaaaaaaaaaaa8888600000000000000000000000000000000000000000000000000000000000000000001357777764000000000000000008acccccccccccccccccccccccccccccccccccccccccc84000000000000000000000000000000000000000000000000000000000000000035799bbbbbaaaaaaaaaaaaaa6000000000000000000000004acccccaa888888888888888aaaaaaacffffffffeeec0000000000000000000000000000000000000000000ffffffff000000000000000000000
000000000000000000000000000000000000000000000000000000000000000000000000000011111111111111111111100000000000000000000000000000001111111110000000000000000000000000000000000000000000000000000000000000000000000000000000000000000000000000000111111111000000000000000000000000000000000000000000000000000000000000000000000000000000000000000000000000000000000000000000000000000000001111111111111111111111110000000000000000000000001111111111111111111111111111111111111110000000000000000000000000000000000000000000000000000000000000000000000000000
000000000000000000000000000000000000000000000000000000000000000000000000000111111111111111111111100000000000000000000000000000099999999999999999999999999999999999999999900000000000000000000000000000000000000000000000000000000000000000001111111111000000000000000009999999999999999999999999999999999999999999999000000000000000000000000000000000000000000000000000000000000000011111111111111111111111110000000000000000000000011111111111111111111111111111111111111111111000000000000000000000000000000000000000000011111111000000000000000000000
000000000000000000000000000000000000000000000000000000000000000000000000000010000000000000000001000000000000000000000000000000001000000000000001000000000000000000000000000000000000000000000000000000000000000000000000000000000000000000000100000000000000000000000000100000000000000000000000000000000000000000000000000000000000000000000000000000000000000000000000000000000000001000000000000000000000000000000000000000000000000100000010000000000000010000001000000000000000000000000000000000000000000000000000000000000000000000000000000000000
(0.0,0.0)-(0.0,0.0)

