-----------------------theta = 174.0, rho = -233.0
00000000000000000000000000000001111111111100000000111111111111111111000000000000000000000011111111111111111111111000000000000000000000000000000000000000000001111111111111100000000000000000000000000000000000000000000000000001111111111111111111111110000000000000000000000000000000000000000000000000000000000000000000000000000000000000000000111111111111111111111111111100000000000000000000000000001111111111111111111111111111111111111111111111000000000000000000000000000000000000000000000000000000000000000000000000000000000001111111100000000000000000000000000000000000000000000000
00000000000000000000000000000000000011111110000000111111111111111111000000000000000000000001111111111111111111111000000000000000000000000000000000000000000011111111111111100000000000000000000000000000000000000000000000000000001111111111111111111110000000000000000000000000000000000000000000000000000000000000000000000000000000000000000111111111111111111111111111111100000000000000000000000000001111111111111111111111111111111111111111111111100000000000000000000000000000000000000000000000000000000000000000000000000000000001111111100000000000000000000000000000000000000000000000
00000000000000000000000000000000000011111111111111111111111111111111000000000000000000000001111111111111111111111100000000000000000000000000000000000000000011111111111100000000000000000000000000000000000000000000000000000000001111111111111111111100000000000000000000000000000000000000000000000000000000000000000000000000000000000000000111111111111111111111111111111100000000000000000000000000001111111111111111111111111111111111111111111111100000000000000000000000000000000000000000000000000000000000000000000000000000000011111111100000000000000000000000000000000000000000000000
00000000000000000000000000000000000011111111111111111111111111111111000000000000000000000001111111111111111111111100000000000000000000000000000000000000001111111111110000000000000000000000000000000000000000000000000000000000001111111111111111111100000000000000000000000000000000000000000000000000000000000000000000000000000000000000000111111111111111111111111111111110000000000000000000000000001111111111111111111111111111111111111111111111110000000000000000000000000000000000000000000000000000000000000000000000000000000011111111100000000000000000000000000000000000000000000000
00000000000000000000000000000000000000000000000001111111111111111111000000000000000000000001111111111111111111111100000000000000000000000000000000000000011111111111110000000000000000000000000000000000000000000000000000000000000000011111111111111100000000000000000000000000000000000000000000000000000000000000000000000000000000000000001111111111111111111111111111111110000000000000000000000000001111111111111111111111111111111111111111111111110000000000000000000000000000000000000000000000000000000000000000000000000000000011111111110000000000000000000000000000000000000000000000
00000000000000000000000000000000000000000000000001111111111111111111000000000000000000000000111111111111111111111100000000000000000000000000000000000000011111111111100000000000000000000000000000000000000000000000000000000000000000000111111111111100000000000000000000000000000000000000000000000000000000000000000000000000000000000000001111111111111111111111111111111111100000000000000000000000000001111111111111111111111111111111111111111111110000000000000000000000000000000000000000000000000000000000000000000000000000000011111111110000000000000000000000000000000000000000000000
00000000000000000000000000000000000000000000000001111111111111111111000000000000000000000000111111111111111111111110000000000000000000000000000000000001111111111111100000000000000000000000000000000000000000000000000000000000000000000111111111111100000000000000000000000000000000000000000000000000000000000000000000000000000000000000000111111111111111111111111111111111111111111111111000000000000000000011111111111111111111111111111111111111110000000000000000000000000000000000000000000000000000000000000000000000000000000011111111110000000000000000000000000000000000000000000000
00000000000000000000000000000000000000111111111111111111111111111111000000000000000000000000111111111111111111111110000000000000000000000000000000000001111111111110000000000000000000000000000000000000000000000000000000000000000000000000111111111100000000000000000000000000000000000000000000000000000000000000000000000000000000000000000111111111111111111111111111111111111111111111111100000000000000000000001111111111111111111111111111111111111000000000000000000000000000000000000000000000000000000000000000000000000000000011111111110000000000000000000000000000000000000000000000
00000000000000000000000000000000000000000000000001111111111111111110000000000000000000000000111111111111111111111111000000000000000000000000000000000011111111111000000000000000000000000000000000000000000000000000000000000000000000000000111111111100000000000000000000000000000000000000000000000000000000000000000000000000000000000000000111111111111111111111111111111111111111111111111100000000000000000000001111111111111111111111111111111111111000000000000000000000000000000000000000000000000000000000000000000000000000000011111111110000000000000000000000000000000000000000000000
00000000000000000000000000000000000000000000000000000000000000000000000000000000000000000000111111111111111111111111000000000000000000000000000000001111111111111000000000000000000000000000000000000000000000000000000000000000000000000000111111111100000000000000000000000000000000000000000000000000000000000000000000000000000000000000000111111111111111111111111111111111111111111111111110000000000000000000000000000000111111111111111111111111110000000000000000000000000000000000000000000000000000000000000000000000000000000011111111110000000000000000000000000000000000000000000000
00000000000000000000000000000000000000000000000000000000000000000000000000000000000000000000111111111111111111111111100000000000000000000000000000001111111111100000000000000000000000000000000000000000000000000000000000000000000000000000000111111111110000000000000000000000000000000000000000000000000000000000000000000000000000000000000011111111111111111111111111111111111111111111111110000000000000000000000000000000001111111111111111111111110000000000000000000000000000000000000000000000000000000000000000000000000000000011111111110000000000000000000000000000000000000000000000
00000000000000000000000000000000000000000000000000000000000000000000000000000000000000000000000000000111111111111111100000000000000000000000000000011111111110000000000000000000000000000000000000000000000000000000000000000000000000000000000111111111110000000000000000000000000000000000000000000000000000000000000000000000000000000000000000001111111111111111111111111111111111111111111111000000000000000000000000000000001111111111111111111111110000000000000000000000000000000000000000000000000000000000000000000000000000000011111111110000000000000000000000000000000000000000000000
00000000000000000000000000000000000000000000000000000000000000000000000000000000000000000000000000000111111111111111100000000000000000000000000000011111111110000000000000000000000000000000000000000000000000000000000000000000000000000000000001111111110000000000000000000000000000000000000000000000000000000000000000000000000000000000000000000000011111111111111111111111111111111111111111000000000000000000000000000000001111111111111111111111110000000000000000000000000000000000000000000000000000000000000000000000000000000011111111110000000000000000000000000000000000000000000000
00000000000000000000000000000000000000000000000000000000000000000000000000000000000000000000000000000000000000111111100000000000000000000000000000111111111100000000000000000000000000000000000000000000000000000000000000000000000000000000000001111111111100000000000000000000000000000000000000000000000000000000000000000000000000000000000000000000000011111111111111111111111111111111111111000000000000000000000000000000001111111111111111111111100000000000000000000000000000000000000000000000000000000000000000000000000000000011111111110000000000000000000000000000000000000000000000
00000000000000000000000000000000000000000111111100000000000000000000000000000000000000000000000000000000000000111111100000000000000000000000000000111111111100000000000000000000000000000000000000000000000000000000000000000000000000000000000001111111111100000000000000000000000000000000000000000000000000000000000000000000000000000000000000000000000011111111111111111111111111111111111111000000000000000000000000000000001111111111111111111111100000000000000000000000000000000000000000000000000000000000000000000000000000000011111111110000000000000000000000000000000000000000000000
000000000000000000000000000000011111334446788888565555555555555555550000000000000000000000136666666667777777778889bcd00000000000000000000000000000feddcbbaaa866665544322222000000000000000000000000000000000000000000000000000011133333334446667788888adddff000000000000000000000000000000000000000000000000000000000000000000000000000000000066776677777777888888888888888888abbbbbbbbbbbbbbbbcde0000000033344444444455555555556688888888888888888888889990000000000000000000000000000000000000000000000000000000000000000000000000000000988888888a0000000000000000000000000000000000000000000000
00000000000000000000000000000001111144555654444437999999999999999998000000000000000000000015bbbbbbbbbdddddddddfffd975000000000000000000000000000002466799bcccbbaa887753322200000000000000000000000000000000000000000000000000001114444455777aaaccfffff755522000000000000000000000000000000000000000000000000000000000000000000000000000000000029aabbcccccdddffffffffffffffffffcaa99999999999999864000000005556666677779999999999aaffffffffffffffffffffffea20000000000000000000000000000000000000000000000000000000000000000000000000000000dffffffffb0000000000000000000000000000000000000000000000
00000000000000000000000000000000000011111111111110000000000000000011000000000000000000000001111111111111111111111111100000000000000000000000000000011111111111111111111111100000000000000000000000000000000000000000000000000000001111111111111111111111111100000000000000000000000000000000000000000000000000000000000000000000000000000000000011001111000011111100000000000011111111111111111111000000000001111111001111111100111111111111111111111111111000000000000000000000000000000000000000000000000000000000000000000000000000000001111111110000000000000000000000000000000000000000000000
00000000000000000000000000000009999999999999999999999999999999999999000000000000000000000011111111111111111111111111100000000000000000000000000000111111111111111111111111100000000000000000000000000000000000000000000000000001111111111111111111111111111100000000000000000000000000000000000000000000000000000000000000000000000000000000001111111111111111111111111111111111111111111111111111000000001111111111111111111111111111111111111111111111111000000000000000000000000000000000000000000000000000000000000000000000000000000011111111110000000000000000000000000000000000000000000000
00000000000000000000000000000000000000100010000001100000000000000000000000000000000000000000000000000100000000000001000000000000000000000000000000010000000000000100000000000000000000000000000000000000000000000000000000000000000000000100000100000000000000000000000000000000000000000000000000000000000000000000000000000000000000000000000010101000000000000000000000000001000000000000000000000000000001000000000000000000000000000000000000000000100000000000000000000000000000000000000000000000000000000000000000000000000000000001000000000000000000000000000000000000000000000000000000
(0.0,0.0)-(0.0,0.0)

-----------------------theta = 174.0, rho = -233.0
00000000000000000000000000000001111111111100000000111111111111111111000000000000000000000011111111111111111111111000000000000000000000000000000000000000000001111111111111100000000000000000000000000000000000000000000000000000111111111111111111111110000000000000000000000000000000000000000000000000000000000000000000000000000000000000000000111111111111111111111111111100000000000000000000000000001111111111111111111111111111111111111111111111000000000000000000000000000000000000000000000000000000000000000000000000000000000001111111100000000000000000000000000000000000000000000000
00000000000000000000000000000000000011111110000000111111111111111111000000000000000000000001111111111111111111111000000000000000000000000000000000000000000011111111111111100000000000000000000000000000000000000000000000000000001111111111111111111110000000000000000000000000000000000000000000000000000000000000000000000000000000000000000011111111111111111111111111111100000000000000000000000000001111111111111111111111111111111111111111111111100000000000000000000000000000000000000000000000000000000000000000000000000000000001111111100000000000000000000000000000000000000000000000
00000000000000000000000000000000000011111111111111111111111111111111000000000000000000000001111111111111111111111100000000000000000000000000000000000000000011111111111000000000000000000000000000000000000000000000000000000000001111111111111111111100000000000000000000000000000000000000000000000000000000000000000000000000000000000000000011111111111111111111111111111100000000000000000000000000001111111111111111111111111111111111111111111111100000000000000000000000000000000000000000000000000000000000000000000000000000000011111111100000000000000000000000000000000000000000000000
00000000000000000000000000000000000011111111111111111111111111111111000000000000000000000001111111111111111111111100000000000000000000000000000000000000001111111111110000000000000000000000000000000000000000000000000000000000001111111111111111111100000000000000000000000000000000000000000000000000000000000000000000000000000000000000000111111111111111111111111111111110000000000000000000000000001111111111111111111111111111111111111111111111110000000000000000000000000000000000000000000000000000000000000000000000000000000011111111100000000000000000000000000000000000000000000000
00000000000000000000000000000000000001111111111111111111111111111111000000000000000000000001111111111111111111111100000000000000000000000000000000000000011111111111110000000000000000000000000000000000000000000000000000000000000000011111111111111100000000000000000000000000000000000000000000000000000000000000000000000000000000000000001111111111111111111111111111111110000000000000000000000000001111111111111111111111111111111111111111111111110000000000000000000000000000000000000000000000000000000000000000000000000000000011111111100000000000000000000000000000000000000000000000
00000000000000000000000000000000000001111111111111111111111111111111000000000000000000000001111111111111111111111100000000000000000000000000000000000000011111111111100000000000000000000000000000000000000000000000000000000000000000000111111111111100000000000000000000000000000000000000000000000000000000000000000000000000000000000000001111111111111111111111111111111111100000000000000000000000000011111111111111111111111111111111111111111111110000000000000000000000000000000000000000000000000000000000000000000000000000000011111111100000000000000000000000000000000000000000000000
00000000000000000000000000000000000000000000000001111111111111111111000000000000000000000001111111111111111111111110000000000000000000000000000000000001111111111111100000000000000000000000000000000000000000000000000000000000000000000111111111111100000000000000000000000000000000000000000000000000000000000000000000000000000000000000000111111111111111111111111111111111111111111111111000000000000000000011111111111111111111111111111111111111110000000000000000000000000000000000000000000000000000000000000000000000000000000011111111110000000000000000000000000000000000000000000000
00000000000000000000000000000000000000111111111111111111111111111111000000000000000000000000111111111111111111111110000000000000000000000000000000000001111111111110000000000000000000000000000000000000000000000000000000000000000000000000111111111100000000000000000000000000000000000000000000000000000000000000000000000000000000000000000111111111111111111111111111111111111111111111111100000000000000000000001111111111111111111111111111111111110000000000000000000000000000000000000000000000000000000000000000000000000000000011111111110000000000000000000000000000000000000000000000
00000000000000000000000000000000000000000000000001111111111111111110000000000000000000000000111111111111111111111111000000000000000000000000000000000011111111111000000000000000000000000000000000000000000000000000000000000000000000000000111111111100000000000000000000000000000000000000000000000000000000000000000000000000000000000000000111111111111111111111111111111111111111111111111100000000000000000000001111111111111111111111111111111111110000000000000000000000000000000000000000000000000000000000000000000000000000000011111111110000000000000000000000000000000000000000000000
00000000000000000000000000000000000000000000000000000000000000000000000000000000000000000000111111111111111111111111000000000000000000000000000000001111111111111000000000000000000000000000000000000000000000000000000000000000000000000000111111111100000000000000000000000000000000000000000000000000000000000000000000000000000000000000000111111111111111111111111111111111111111111111111110000000000000000000000000000000111111111111111111111111110000000000000000000000000000000000000000000000000000000000000000000000000000000011111111110000000000000000000000000000000000000000000000
00000000000000000000000000000000000000000000000000000000000000000000000000000000000000000000111111111111111111111111100000000000000000000000000000001111111111100000000000000000000000000000000000000000000000000000000000000000000000000000000111111111110000000000000000000000000000000000000000000000000000000000000000000000000000000000000011111111111111111111111111111111111111111111111110000000000000000000000000000000001111111111111111111111110000000000000000000000000000000000000000000000000000000000000000000000000000000011111111110000000000000000000000000000000000000000000000
00000000000000000000000000000000000000000000000000000000000000000000000000000000000000000000000000000111111111111111100000000000000000000000000000011111111110000000000000000000000000000000000000000000000000000000000000000000000000000000000111111111110000000000000000000000000000000000000000000000000000000000000000000000000000000000000000001111111111111111111111111111111111111111111111000000000000000000000000000000001111111111111111111111110000000000000000000000000000000000000000000000000000000000000000000000000000000011111111110000000000000000000000000000000000000000000000
00000000000000000000000000000000000000000000000000000000000000000000000000000000000000000000000000000111111111111111100000000000000000000000000000011111111110000000000000000000000000000000000000000000000000000000000000000000000000000000000001111111110000000000000000000000000000000000000000000000000000000000000000000000000000000000000000000000011111111111111111111111111111111111111111000000000000000000000000000000001111111111111111111111110000000000000000000000000000000000000000000000000000000000000000000000000000000011111111110000000000000000000000000000000000000000000000
00000000000000000000000000000000000000000000000000000000000000000000000000000000000000000000000000000000000000111111100000000000000000000000000000111111111100000000000000000000000000000000000000000000000000000000000000000000000000000000000001111111111100000000000000000000000000000000000000000000000000000000000000000000000000000000000000000000000011111111111111111111111111111111111111000000000000000000000000000000001111111111111111111111100000000000000000000000000000000000000000000000000000000000000000000000000000000011111111110000000000000000000000000000000000000000000000
00000000000000000000000000000000000000000111111100000000000000000000000000000000000000000000000000000000000000111111100000000000000000000000000000111111111100000000000000000000000000000000000000000000000000000000000000000000000000000000000001111111111100000000000000000000000000000000000000000000000000000000000000000000000000000000000000000000000011111111111111111111111111111111111111000000000000000000000000000000001111111111111111111111100000000000000000000000000000000000000000000000000000000000000000000000000000000011111111110000000000000000000000000000000000000000000000
000000000000000000000000000000011111345556777777665555555555555555550000000000000000000000146666666667777777778889bcd00000000000000000000000000000feddcbbaaa866665544322222000000000000000000000000000000000000000000000000000001133333334446667788888adddff000000000000000000000000000000000000000000000000000000000000000000000000000000000067776677777777888888888888888888abbbbbbbbbbbbbbbbcde0000000033444444444455555555556688888888888888888888889900000000000000000000000000000000000000000000000000000000000000000000000000000000988888888b0000000000000000000000000000000000000000000000
00000000000000000000000000000001111146777876666657999999999999999998000000000000000000000017bbbbbbbbbdddddddddfffd975000000000000000000000000000002466799bcccbbaa887753222200000000000000000000000000000000000000000000000000000114444455777aaaccfffff755522000000000000000000000000000000000000000000000000000000000000000000000000000000000027aabbcccccdddffffffffffffffffffcaa99999999999999864000000005566666677779999999999aaffffffffffffffffffffffea00000000000000000000000000000000000000000000000000000000000000000000000000000000dffffffff90000000000000000000000000000000000000000000000
00000000000000000000000000000000000011111111111111111111111111111111000000000000000000000001111111111111111111111111100000000000000000000000000000011111111111111111111111100000000000000000000000000000000000000000000000000000001111111111111111111111111100000000000000000000000000000000000000000000000000000000000000000000000000000000000111001111000011111100000000000011111111111111111111000000000011111111001111111100111111111111111111111111110000000000000000000000000000000000000000000000000000000000000000000000000000000001111111110000000000000000000000000000000000000000000000
00000000000000000000000000000001111111111111111111111111111111111111000000000000000000000011111111111111111111111111100000000000000000000000000000111111111111111111111111100000000000000000000000000000000000000000000000000000111111111111111111111111111100000000000000000000000000000000000000000000000000000000000000000000000000000000001111111111111111111111111111111111111111111111111111000000001111111111111111111111111111111111111111111111110000000000000000000000000000000000000000000000000000000000000000000000000000000011111111110000000000000000000000000000000000000000000000
00000000000000000000000000000000000001000000000010000000000000000000000000000000000000000000000000000100000000000001000000000000000000000000000000010000000000000100000000000000000000000000000000000000000000000000000000000000000000000100000100000000000000000000000000000000000000000000000000000000000000000000000000000000000000000000000100101000000000000000000000000001000000000000000000000000000010000000000000000000000000000000000000000000100000000000000000000000000000000000000000000000000000000000000000000000000000000001000000000000000000000000000000000000000000000000000000
(0.0,0.0)-(0.0,0.0)

