-----------------------theta = 0.0, rho = 29.0
000000000000000000000000000000000000000000000000000000000000000000000000000000000000000000000000000000000000000000000000000000000000000000000000000000000000000000000000000000000000000000000000000000000000000000000000000000000000000000000000000000000000000000000000000000000000000000000000000000000000000000000000000000000000000000000000000000000000000000000000000000000000000000000000000000000000000000000000000000000000000000000000000000000000000000000000000000000000000000000000000000000000000000000000000000000000000000000000000000000000000000000000000000000000000000000000000000000000000000000000000000000000000000000000000000000000000
000000000000000000000000000000000000000000000000000000000000000000000000000000000000000000000000000000000000000000000000000000000000000000000000000000000000000000000000000000000000000011111111100000000000000000000000000000111111111111111111111111111111111111111111111111111111111111111111111111111111111111000000000000000011111111111111111111111111111111110000000111111111111111111111111111111111111111111111111111111111111111111111111111111111111111111111111111111111111111111111111111111111111111111111111111111111111111111111111100000000000000000000000000000000000000000000000000000000000000000000000000000000000000000000000000000000000
000000000000000000000000000000000000000000000000000000000000000000000000000000000000000000000000000000000000000000000000000000000000000000000000000000000000000000000000000000000000000011111111100000000000000000000000000000111111111111111111111111111111111111111111111111111111111111111111111111111111111111000000000000000011111111111111111111111111111111110000000111111111111111111111111111111111111111111111111111111111111111111111111111111111111111111111111111111111111111111111111111111111111111111111111111111111111111111111111100000000000000000000000000000000000000000000000000000000000000000000000000000000000000000000000000000000000
000000000000000000000000000000000000000000000000000000000000000000000000000000000000000000000000000000000000000000000000111111100000000000000000000000000000000000111111111111111111111111111111111111111111111111111111111111111111111111111111111111111111111111111111111111111111111111111111111111111111111111111111111111111111111111111111111111111111111111111111111111111111111111111111111111111111111111111111111111111111111111111111111111111111111111111111111111111111111111111111111111111111111111111111111111111111111111111111111111000000000000000000000000000000000000000000000000000000000000000000000000000000000000000000000000000000000
000000000000000000000000000000000000000000000000000000000000000000000000000000000000000000000000000000000000000000000000111111100000000000000000000000000000000000111111111111111111111111111111111111111111111111111111111111111111111111111111111111111111111111111111111111111111111111111111111111111111111111111111111111111111111111111111111111111111111111111111111111111111111111111111111111111111111111111111111111111111111111111111111111111111111111111111111111111111111111111111111111111111111111111111111111111111111111111111111111000000000000000000000000000000000000000000000000000000000000000000000000000000000000000000000000000000000
000000000000000000000000000000000000000000000000000000000000000000000000000000000000000000000000000001111111111111111111111111111111111111111111111111111111111111111111111111111111111111111111111111111111111111111111111111111111111111111111111111111111111111111111111111111111111111111111111111111111111111111111111111111111111111111111111111111111111111111111111111111111111111111111111111111111111111111111111111111111111111111111111111111111111111111111111111111111111111111111111111111111111111111111111111111111111111111111111111100000000000000000000000000000000000000000000000000000000000000000000000000000000000000000000000000000000
000000000000000000000000000000000000000000000000000000000000000000000000000000000000000000000000000001111111111111111111111111111111111111111111111111111111111111111111111111111111111111111111111111111111111111111111111111111111111111111111111111111111111111111111111111111111111111111111111111111111111111111111111111111111111111111111111111111111111111111111111111111111111111111111111111111111111111111111111111111111111111111111111111111111111111111111111111111111111111111111111111111111111111111111111111111111111111111111111111100000000000000000000000000000000000000000000000000000000000000000000000000000000000000000000000000000000
000000000000000000000000000000000000000000000000000000000000000000000000000000000000001111111111111111111111111111111111111111111111111111111111111111111111111111111111111111111111111111111111111111111111111111111111111111111111111111111111111111111111111111111111111111111111111111111111111111111111111111111111111111111111111111111111111111111111111111111111111111111111111111111111111111111111111111111111111111111111111111111111111111111111111111111111111111111111111111111111111111111111111111111111111111111111111111111111111111110000000000000000000000000000000000000000000000000000000000000000000000000000000000000000000000000000000
000000000000000000000000000000000000000000000000000000000000000000000000000000000000001111111111111111111111111111111111111111111111111111111111111111111111111111111111111111111111111111111111111111111111111111111111111111111111111111111111111111111111111111111111111111111111111111111111111111111111111111111111111111111111111111111111111111111111111111111111111111111111111111111111111111111111111111111111111111111111111111111111111111111111111111111111111111111111111111111111111111111111111111111111111111111111111111111111111111110000000000000000000000000000000000000000000000000000000000000000000000000000000000000000000000000000000
000000000000000000000000000000000000000000000000000000000000000000000000000000000000011111111111111111111111111111111111111111111111111111111111111111111111111111111111111111111111111111111111111111111111111111111111111111111111111111111111111111111111111111111111111111111111111111111111111111111111111111111111111111111111111111111111111111111111111111111111111111111111111111111111111111111111111111111111111111111111111111111111111111111111111111111111111111111111111111111111111111111111111111111111111111111111111111111111111111110000000000000000000000000000000000000000000000000000000000000000000000000000000000000000000000000000000
000000000000000000000000000000000000000000000000000000000000000000000000000000000000011111111111111111111111111111111111111111111111111111111111111111111111111111111111111111111111111111111111111111111111111111111111111111111111111111111111111111111111111111111111111111111111111111111111111111111111111111111111111111111111111111111111111111111111111111111111111111111111111111111111111111111111111111111111111111111111111111111111111111111111111111111111111111111111111111111111111111111111111111111111111111111111111111111111111111110000000000000000000000000000000000000000000000000000000000000000000000000000000000000000000000000000000
000000000000000000000000000000000000000000000000000000000000000000000000000000000000011111111111111111111111111111111111111111111111111111111111111100000000111111111000000000000000000000000000000000000000000000000000000000000000000000000000111111111000000000000000000000000000000111111111100000000000000000000000000000000000000000000000000000000000000000000000000000000000000000000000000000000000000000000000000000000000000000000000000000000000000000000000000000000000000000000000000000000000000000000000000000000000000000000011111111111000000000000000000000000000000000000000000000000000000000000000000000000000000000000000000000000000000
000000000000000000000000000000000000000000000000000000000000000000000000000000000000011111111111111111111111111111111111111111111111111111111111111100000000111111111000000000000000000000000000000000000000000000000000000000000000000000000000111111111000000000000000000000000000000111111111100000000000000000000000000000000000000000000000000000000000000000000000000000000000000000000000000000000000000000000000000000000000000000000000000000000000000000000000000000000000000000000000000000000000000000000000000000000000000000000011111111111000000000000000000000000000000000000000000000000000000000000000000000000000000000000000000000000000000
000000000000000000000000000000000000000000000000000000000000000000000000000000000000111111111111111100000000000000000000000000000000000000000000000000000000000000000000000000000000000000000000000000000000000000000000000000000000000000000000000000000000000000000000000000000000000000000000000000000000000000000000000000000000000000000000000000000000000000000000000000000000000000000000000000000000000000000000000000000000000000000000000000000000000000000000000000000000000000000000000000000000000000000000000000000000000000000000111111111100000000000000000000000000000000000000000000000000000000000000000000000000000000000000000000000000000
000000000000000000000000000000000000000000000000000000000000000000000000000000000000111111111111111100000000000000000000000000000000000000000000000000000000000000000000000000000000000000000000000000000000000000000000000000000000000000000000000000000000000000000000000000000000000000000000000000000000000000000000000000000000000000000000000000000000000000000000000000000000000000000000000000000000000000000000000000000000000000000000000000000000000000000000000000000000000000000000000000000000000000000000000000000000000000000000111111111100000000000000000000000000000000000000000000000000000000000000000000000000000000000000000000000000000
000000000000000000000000000000000000000000000000000000000000000000000000000000000000fdccccccccccccccbaaaaaaaaaaaaaaaaaaa9999999aaaaaaaaaaaaaaaaaaaaa99999999aaaaaa9998888888888888888888777777777888888888888888888888888888887777777777777777778888888887777777777777777777777777777778888888888777777777777777778888888888888888777777777777777777777777777777777788888887777777777777777777777777777777777777777777777777777777777777777777777777777777777777777777777777777777777777777777777777777777777777777777777777777777777777777777889999aabcef00000000000000000000000000000000000000000000000000000000000000000000000000000000000000000000000000000
000000000000000000000000000000000000000000000000000000000000000000000000000000000000268888888888888868888888888888888888aaaaaaa88888888888888888888866666666888888aaa8888888888888888888aaaaaaaaa88888888888888888888888888888aaaaaaaaaaaaaaaaaacccccccccaaaaaaaaaaaaaaaaaaaaaaaaaaaaaaccccccccccaaaaaaaaaaaaaaaaa8888888888888888aaaaaaaaaaaaaaaaaaaaaaaaaaaaaaaaaa8888888aaaaaaaaaaaaaaaaaaaaaaaaaaaaaaaaaaaaaaaaaaaaaaaaaaaaaaaaaaaaaaaaaaaaaaaaaaaaaaaaaaaaaaaaaaaaaaaaaaaaaaaaaaaaaaaaaaaaaaaaaaaaaaaaaaaaaaaaaaaaaaaaaaaaaaaaaaaaaaaaaaacceeeecca84200000000000000000000000000000000000000000000000000000000000000000000000000000000000000000000000000000
000000000000000000000000000000000000000000000000000000000000000000000000000000000000011111111111111111111111111111111111111111111111110000000000000000000000000000000000000000000000000000000000000000000000000000000000000000000000000000000000000000000000000000000000000000000000000000000000000000000000000000000000000000000000000000000000000000000000000000000000000000000000000000000000000000000000000000000000000000000000000000000000000000000000000000000000000000000000000000000000000000000000000000000000000000000000000000000000000000000000000000000000000000000000000000000000000000000000000000000000000000000000000000000000000000000000000
000000000000000000000000000000000000000000000000000000000000000000000000000000000000999999999999999999999999999999999999999999999999999999999999999999999999999999999999999999999999999999999999999999999999999999999999999999999999999999999999999999999999999999999999999999999999999999999999999999999999999999999999999999999999999999999999999999999999999999999999999999999999999999999999999999999999999999999999999999999999999999999999999999999999999999999999999999999999999999999999999999999999999999999999999999999999999999999999999999999900000000000000000000000000000000000000000000000000000000000000000000000000000000000000000000000000000
000000000000000000000000000000000000000000000000000000000000000000000000000000000000001000000000000000000000000000000000000000010000000000000000000010000000100000100000000000000000000000000000010000000000000000000000000000100000000000000000100000000100000000000000000000000000000100000000010000000000000000100000000000000010000000000000000000000000000000001000000100000000000000000000000000000000000000000000000000000000000000000000000000000000000000000000000000000000000000000000000000000000000000000000000000000000000000000010000000000100000000000000000000000000000000000000000000000000000000000000000000000000000000000000000000000000000
(29.0,84.0)-(29.0,537.0)

-----------------------theta = 0.0, rho = 29.0
000000000000000000000000000000000000000000000000000000000000000000000000000000000000000000000000000000000000000000000000000000000000000000000000000000000000000000000000000000000000000000000000000000000000000000000000000000000000000000000000000000000000000000000000000000000000000000000000000000000000000000000000000000000000000000000000000000000000000000000000000000000000000000000000000000000000000000000000000000000000000000000000000000000000000000000000000000000000000000000000000000000000000000000000000000000000000000000000000000000000000000000000000000000000000000000000000000000000000000000000000000000000000000000000000000000000000
000000000000000000000000000000000000000000000000000000000000000000000000000000000000000000000000000000000000000000000000000000000000000000000000000000000000000000000000000000000000000011111111100000000000000000000000000000111111111111111111111111111111111111111111111111111111111111111111111111111111111111000000000000000011111111111111111111111111111111110000000111111111111111111111111111111111111111111111111111111111111111111111111111111111111111111111111111111111111111111111111111111111111111111111111111111111111111111111111100000000000000000000000000000000000000000000000000000000000000000000000000000000000000000000000000000000000
000000000000000000000000000000000000000000000000000000000000000000000000000000000000000000000000000000000000000000000000000000000000000000000000000000000000000000000000000000000000000011111111100000000000000000000000000000111111111111111111111111111111111111111111111111111111111111111111111111111111111111000000000000000011111111111111111111111111111111110000000111111111111111111111111111111111111111111111111111111111111111111111111111111111111111111111111111111111111111111111111111111111111111111111111111111111111111111111111100000000000000000000000000000000000000000000000000000000000000000000000000000000000000000000000000000000000
000000000000000000000000000000000000000000000000000000000000000000000000000000000000000000000000000000000000000000000000111111100000000000000000000000000000000000111111111111111111111111111111111111111111111111111111111111111111111111111111111111111111111111111111111111111111111111111111111111111111111111111111111111111111111111111111111111111111111111111111111111111111111111111111111111111111111111111111111111111111111111111111111111111111111111111111111111111111111111111111111111111111111111111111111111111111111111111111111111000000000000000000000000000000000000000000000000000000000000000000000000000000000000000000000000000000000
000000000000000000000000000000000000000000000000000000000000000000000000000000000000000000000000000000000000000000000000111111100000000000000000000000000000000000111111111111111111111111111111111111111111111111111111111111111111111111111111111111111111111111111111111111111111111111111111111111111111111111111111111111111111111111111111111111111111111111111111111111111111111111111111111111111111111111111111111111111111111111111111111111111111111111111111111111111111111111111111111111111111111111111111111111111111111111111111111111000000000000000000000000000000000000000000000000000000000000000000000000000000000000000000000000000000000
000000000000000000000000000000000000000000000000000000000000000000000000000000000000000000000000000001111111111111111111111111111111111111111111111111111111111111111111111111111111111111111111111111111111111111111111111111111111111111111111111111111111111111111111111111111111111111111111111111111111111111111111111111111111111111111111111111111111111111111111111111111111111111111111111111111111111111111111111111111111111111111111111111111111111111111111111111111111111111111111111111111111111111111111111111111111111111111111111111100000000000000000000000000000000000000000000000000000000000000000000000000000000000000000000000000000000
000000000000000000000000000000000000000000000000000000000000000000000000000000000000000000000000000001111111111111111111111111111111111111111111111111111111111111111111111111111111111111111111111111111111111111111111111111111111111111111111111111111111111111111111111111111111111111111111111111111111111111111111111111111111111111111111111111111111111111111111111111111111111111111111111111111111111111111111111111111111111111111111111111111111111111111111111111111111111111111111111111111111111111111111111111111111111111111111111111100000000000000000000000000000000000000000000000000000000000000000000000000000000000000000000000000000000
000000000000000000000000000000000000000000000000000000000000000000000000000000000000001111111111111111111111111111111111111111111111111111111111111111111111111111111111111111111111111111111111111111111111111111111111111111111111111111111111111111111111111111111111111111111111111111111111111111111111111111111111111111111111111111111111111111111111111111111111111111111111111111111111111111111111111111111111111111111111111111111111111111111111111111111111111111111111111111111111111111111111111111111111111111111111111111111111111111110000000000000000000000000000000000000000000000000000000000000000000000000000000000000000000000000000000
000000000000000000000000000000000000000000000000000000000000000000000000000000000000001111111111111111111111111111111111111111111111111111111111111111111111111111111111111111111111111111111111111111111111111111111111111111111111111111111111111111111111111111111111111111111111111111111111111111111111111111111111111111111111111111111111111111111111111111111111111111111111111111111111111111111111111111111111111111111111111111111111111111111111111111111111111111111111111111111111111111111111111111111111111111111111111111111111111111110000000000000000000000000000000000000000000000000000000000000000000000000000000000000000000000000000000
000000000000000000000000000000000000000000000000000000000000000000000000000000000000011111111111111111111111111111111111111111111111111111111111111111111111111111111111111111111111111111111111111111111111111111111111111111111111111111111111111111111111111111111111111111111111111111111111111111111111111111111111111111111111111111111111111111111111111111111111111111111111111111111111111111111111111111111111111111111111111111111111111111111111111111111111111111111111111111111111111111111111111111111111111111111111111111111111111111110000000000000000000000000000000000000000000000000000000000000000000000000000000000000000000000000000000
000000000000000000000000000000000000000000000000000000000000000000000000000000000000011111111111111111111111111111111111111111111111111111111111111111111111111111111111111111111111111111111111111111111111111111111111111111111111111111111111111111111111111111111111111111111111111111111111111111111111111111111111111111111111111111111111111111111111111111111111111111111111111111111111111111111111111111111111111111111111111111111111111111111111111111111111111111111111111111111111111111111111111111111111111111111111111111111111111111110000000000000000000000000000000000000000000000000000000000000000000000000000000000000000000000000000000
000000000000000000000000000000000000000000000000000000000000000000000000000000000000011111111111111111111111111111111111111111111111111111111111111100000000111111111000000000000000000000000000000000000000000000000000000000000000000000000000111111111000000000000000000000000000000111111111100000000000000000000000000000000000000000000000000000000000000000000000000000000000000000000000000000000000000000000000000000000000000000000000000000000000000000000000000000000000000000000000000000000000000000000000000000000000000000000011111111111000000000000000000000000000000000000000000000000000000000000000000000000000000000000000000000000000000
000000000000000000000000000000000000000000000000000000000000000000000000000000000000011111111111111111111111111111111111111111111111111111111111111100000000111111111000000000000000000000000000000000000000000000000000000000000000000000000000111111111000000000000000000000000000000111111111100000000000000000000000000000000000000000000000000000000000000000000000000000000000000000000000000000000000000000000000000000000000000000000000000000000000000000000000000000000000000000000000000000000000000000000000000000000000000000000011111111111000000000000000000000000000000000000000000000000000000000000000000000000000000000000000000000000000000
000000000000000000000000000000000000000000000000000000000000000000000000000000000000111111111111111100000000000000000000000000000000000000000000000000000000000000000000000000000000000000000000000000000000000000000000000000000000000000000000000000000000000000000000000000000000000000000000000000000000000000000000000000000000000000000000000000000000000000000000000000000000000000000000000000000000000000000000000000000000000000000000000000000000000000000000000000000000000000000000000000000000000000000000000000000000000000000000111111111100000000000000000000000000000000000000000000000000000000000000000000000000000000000000000000000000000
000000000000000000000000000000000000000000000000000000000000000000000000000000000000111111111111111100000000000000000000000000000000000000000000000000000000000000000000000000000000000000000000000000000000000000000000000000000000000000000000000000000000000000000000000000000000000000000000000000000000000000000000000000000000000000000000000000000000000000000000000000000000000000000000000000000000000000000000000000000000000000000000000000000000000000000000000000000000000000000000000000000000000000000000000000000000000000000000111111111100000000000000000000000000000000000000000000000000000000000000000000000000000000000000000000000000000
000000000000000000000000000000000000000000000000000000000000000000000000000000000000fdccccccccccccccbaaaaaaaaaaaaaaaaaaa9999999aaaaaaaaaaaaaaaaaaaaa99999999aaaaaa9998888888888888888888777777777888888888888888888888888888887777777777777777778888888887777777777777777777777777777778888888888777777777777777778888888888888888777777777777777777777777777777777788888887777777777777777777777777777777777777777777777777777777777777777777777777777777777777777777777777777777777777777777777777777777777777777777777777777777777777777777889999aabcef00000000000000000000000000000000000000000000000000000000000000000000000000000000000000000000000000000
000000000000000000000000000000000000000000000000000000000000000000000000000000000000268888888888888868888888888888888888aaaaaaa88888888888888888888866666666888888aaa8888888888888888888aaaaaaaaa88888888888888888888888888888aaaaaaaaaaaaaaaaaacccccccccaaaaaaaaaaaaaaaaaaaaaaaaaaaaaaccccccccccaaaaaaaaaaaaaaaaa8888888888888888aaaaaaaaaaaaaaaaaaaaaaaaaaaaaaaaaa8888888aaaaaaaaaaaaaaaaaaaaaaaaaaaaaaaaaaaaaaaaaaaaaaaaaaaaaaaaaaaaaaaaaaaaaaaaaaaaaaaaaaaaaaaaaaaaaaaaaaaaaaaaaaaaaaaaaaaaaaaaaaaaaaaaaaaaaaaaaaaaaaaaaaaaaaaaaaaaaaaaaaacceeeecca84200000000000000000000000000000000000000000000000000000000000000000000000000000000000000000000000000000
000000000000000000000000000000000000000000000000000000000000000000000000000000000000011111111111111111111111111111111111111111111111110000000000000000000000000000000000000000000000000000000000000000000000000000000000000000000000000000000000000000000000000000000000000000000000000000000000000000000000000000000000000000000000000000000000000000000000000000000000000000000000000000000000000000000000000000000000000000000000000000000000000000000000000000000000000000000000000000000000000000000000000000000000000000000000000000000000000000000000000000000000000000000000000000000000000000000000000000000000000000000000000000000000000000000000000
000000000000000000000000000000000000000000000000000000000000000000000000000000000000999999999999999999999999999999999999999999999999999999999999999999999999999999999999999999999999999999999999999999999999999999999999999999999999999999999999999999999999999999999999999999999999999999999999999999999999999999999999999999999999999999999999999999999999999999999999999999999999999999999999999999999999999999999999999999999999999999999999999999999999999999999999999999999999999999999999999999999999999999999999999999999999999999999999999999999900000000000000000000000000000000000000000000000000000000000000000000000000000000000000000000000000000
000000000000000000000000000000000000000000000000000000000000000000000000000000000000001000000000000000000000000000000000000000010000000000000000000010000000100000100000000000000000000000000000010000000000000000000000000000100000000000000000100000000100000000000000000000000000000100000000010000000000000000100000000000000010000000000000000000000000000000001000000100000000000000000000000000000000000000000000000000000000000000000000000000000000000000000000000000000000000000000000000000000000000000000000000000000000000000000010000000000100000000000000000000000000000000000000000000000000000000000000000000000000000000000000000000000000000
(29.0,84.0)-(29.0,537.0)

-----------------------theta = 91.0, rho = 89.0
0000000000000000000000000000011111111100000000000000111111110000000000000000000000000000000000000000000000000000000000000000000000000000000000000000000000000000000000000000111111111111111111111110000000000000000000000000000000000000000000000000000000000000000000000000000000000000000000000000000000000000000000000000000000000000000000000000000000000000000000000000000000000000000000000000000000000000000000000000000000000000000000000000000000000000000000000000000000000000000000000000000000000000000000000000000000000000000000000000000000000000000000000000000000000000000000000000000000000000000000000000000000000000011111111111000000000000000000000000000000000000000000000
0000000000000000000000000000011111110000000000111111111111110000000000000000000000000000000000000000000000000000000000000000000000000000000000000000000000000000000000000001111111111111111111111111111110000000001111111111111111111111100000000000000000000000001111111111111111000000000000000000000000000000000000000000000000000000000000000000000000000000000000000000000000000000000000000000000000000000000000000000000000000000000000000000000000000000000000000000000000000000000000000000000000000000000000000000000000000000000000000000000000000000111111111100000000000000000000000000000000000000000000000111111111111111111111111111100000000000000000000000000000000000000000000
0000000000000000000000000000011111110000000000111111111111110000000000001111111111110000000000000000000000000000000000000000000000111111111111111111110000000000000000000001111111111111111111111111111110000000001111111111111111111111111111110000000000000000001111111111111111000000000000000000000000000000000000000000000000000000000000000000000000000000000000000000000000000000000000000000000000000000000000000000000000000000000000000000000000000000000000000011111111111111111000000000000000000000000000000000000000000000000000000001111111111111111111111100000000000000000000000011111111000000000011111111111111111111111111111111100000000000000000000000000000000000000000000
0000000000000000000000000000011111110000000001111111111111110000000000001111111111111111111111111111111110000000000000000000000000111111111111111111111111000000000000000011111111111111111111111111111110000000001111111111111111111111111111110000000000000000001111111111111111111000000000000000000000000000000000000001111111100000000000000000000000000000000000000000000000000000000000000000000000000000000000000000000000000000000000000000000000000000000000000011111111111111111000000000000000000000000000000000000000000000000000000001111111111111111111111100000000000000000000000011111111000000000011111111111111111111111111111111110000000000000000000000000000000000000000000
0000000000000000000000000000011111110000000001111111111111110000000000001111111111111111111111111111111110000000000000000001111111111111111111111111111111000000000000000011111111111111111111111111111110000000001111111111111111111111111111111000000000111111111111111111111111111000000000000000111111111111111111111111111111100000000000000000000000000000000000000000000000000000000000000000000000000000000000000000000000000000000000000000000000000000000000000011111111111111111111100000000000000000000000000000000000000000000000000011111111111111111111111100000000000000000011111111111111100000000111111111111111111111111111111111111000000000000000000000000000000000000000000
0000000000000000000000000000011111110000000001111111111111110000000000001111111111111111111111111111111111000000000000000001111111111111111111111111111111100000000000000111111111111111111111111111111111000000011111111111111111111111111111111000000000111111111111111111111111111100000000000000111111111111111111111111111111110000000000000000000000000000000000000000000000000000000000000000000000000000000000000000000000000000000000001111111111111111000000001111111111111111111111100000000000000000000000000000000000000000000000000011111111111111111111111100000000000000001111111111111111100000000111111111111111111111111111111111111000000000000000000000000000000000000000000
0000000000000000000000000000011111110000000001111111111111110000000000001111111111111111111111111111111111000000000000000011111111111111111111111111111111100000000000000111111111111111111111111111111111000000011111111111111111111111111111111000000000111111111111111111111111111100000000000000111111111111111111111111111111110000000000000000111111111111111111111111111000000000000000000000000000000000111111111111100000000000000000001111111111111111000000001111111111111111111111111100000000000000000000000000000000000000000000000011111111111111111111111100000000000000001111111111111111100000000111111111111111111111111111111111111100000000000000000000000000000000000000000
0000000000000000000000000000011111110000000000111111111111110000000000001111111111111111111111111111111110000000000000000011111111111111111111111111111111110000000000000111111111111111111111111111111111000000001111111111111111111111111111111000000000111111111111111111111111111000000000000000111111111111111111111111111111110000000000000001111111111111111111111111111000000000000000001111111111111111111111111111100000000000000001111111111111111111100000001111111111111111111111111100000000000111111111111111111111110000000000000011111111111111111111111000000000000000011111111111111111100000000111111111111111111111111111111111111100000000000000000000000000000000000000000
0000000000000000000000000000011111110000000000111111111111000000000000001111111111111111111111111111111110000000000000000011111111111111111111111111111111110000000000000111111111111111111111111111111111000000001111111111111111111111111111111000000000111111111111111111111111111000000000000000111111111111111111111111111111110000000000000001111111111111111111111111111100000000000000001111111111111111111111111111100000000000000011111111111111111111100000001111111111111111111111111110000000000111111111111111111111110000000000000011111111111111111111111000000000000000011111111111111111100000000111111111111111111111111111111111111110000000000000000000000000000000000000000
0000000000000000000000000000011111111000000000000000000000000000000000001111111111111100000000000011111110000000000000000011111111111111111111111111111111111000000000000011111111111111111111111111111110000000001111111111111111111111111111111000000000111111111111111111111111111000000000000000111111111111111111111111111111100000000000000001111111111111111111111111111100000000000000001111111111111111111111111111100000000000000011111111111111111111100000001111111111111111111111111110000000001111111111111111111111110000000000000011111111111111111100000000000000000000011111111111111111100000000111111111111111111111111111111111111110000000000000000000000000000000000000000
0000000000000000000000000000011111111000000000000000000000000000000000000111111110000000000000000011111110000000000000000001111111111111111111111111111111111000000000000011111111111111111111111111111110000000001111111111111111111111111111110000000000001111111111111111111111111000000000000000011111111111111111111111111111100000000000000001111111111111111111111111111100000000000000001111111111111111111111111111100000000000000111111111111111111111100000001111111111111111111111111110000000001111111111111111111111110000000000000001111111111111111100000000000000000000011111111111111111000000000001111111111111111111111111111111111110000000000000000000000000000000000000000
0000000000000000000000000000011111111110000000000000000000000000000000000111111110000000000000000000000000000000000000000001111111111111111111111111111111111000000000000001111111111111111111111111111100000000000011111111111111111111111111110000000000001111111111111111111111111000000000000000011111111111111111111110000000000000000000000001111111111111111111111111111100000000000000001111111111111111111111111111100000000000000111111111111111111111100000001111111111111111111111111110000000000111111111111111111111110000000000000001111111111111000000000000000000000000001111111111111111000000000000000000001111111111111111111111111110000000000000000000000000000000000000000
0000000000000000000000000000011111111110000000000000000000000000000000000000000000000000000000000000000000000000000000000000000000000000000000001111111111111000000000000000001111111111111111111111111100000000000011111111111111111000000000000000000000000111111111111111111111111000000000000000000011111110000000000000000000000000000000000001111111111111111111111111111000000000000000001111111111111111111111111111000000000000000111111111111111111111100000001111111111111111111111111100000000000111111111111111111111110000000000000000000000000000000000000000000000000000000000000000000000000000000000000000001111111111111111111111111111000000000000000000000000000000000000000
000000000000000000000000000007777777a9d0000006666666555555550000000000007888888887777777777777777788888887000000000000000099999999888888888888888888889999abc00000000000088777777777777777777777777888887800000007778888888888888888877778888888800000000088999999888888888888888899970000000000000089999999999999999999999888888888000000000000000baaaaaaaaaaaaaaaaaaaaaaaaaaab0000000000000000bbbbbbbbbbbbbbbbaaaaaaaaaaaaa00000000000000cbbbbaaaaaaaaaaaaaaaab0000000aa888888888888888889999aaab000000000bbbbbbbbbbbbbbbbbbbbbbbb00000000000000888888888888887777666665000000000000000a9999999988888888800000000877777777778888888888877777777777899abd000000000000000000000000000000000000000
00000000000000000000000000000ddddddd5320000004888888999999880000000000008aaaaaaaa8887766666666666688888882000000000000000048888888aaaaaaaaaaaaaabbbbbbaaaa86400000000000048bccdddddddddddddddddddddccccca400000002aacccccccccccccccccbbbbaaaaaaa600000000066899999ccccccccccccccccaaa2000000000000006888999999988888888888888888888400000000000000067777777777777777777777777774000000000000000066666666666666667777777777776000000000000003566688888888888888886000000088bbbbbbbbbbbbbbbbb99997774000000000266666666666666666666666000000000000006aaaaaaaaaaaaaaaaa888886000000000000000477888888aaaaaaaa600000000689999aaaaacccccccccccdddddddddddca9751000000000000000000000000000000000000000
0000000000000000000000000000000000001110000000000000111000000000000000000111111110000000000000000000000000000000000000000000000000110000000000000000000000000000000000000001111111100000000000000000000000000000000011111110000000000000000000000000000000001111110000000000000000000000000000000000011111111100000000000000000000000000000000000000111111111000000000000000000000000000000000000000000000000000000000000000000000000000000011111111111111111110000000000011111111111111111000000000000000000000000000000000000000000000000000000000000000000000000011000100000000000000001111111111111111100000000011111111100000000000000000000000000001000000000000000000000000000000000000000
0000000000000000000000000000011111111110000009999999999999990000000000009999999999999999999999999999999999000000000000000099999999999999999999999999999999999000000000000111111111111111111111111111111111000000011111111111111111111111111111111000000000111111111111111111111111111100000000000000999999999999999999999999999999990000000000000009999999999999999999999999999900000000000000009999999999999999999999999999900000000000000111111111111111111111100000001111111111111111111111111110000000009999999999999999999999990000000000000099999999999999999999999900000000000000011111111111111111100000000111111111111111111111111111111111111111000000000000000000000000000000000000000
0000000000000000000000000000000000000100000000000000100000000000000000000100000001000000000000000010000001000000000000000000000000100000000000000000001000000000000000000001000000000000000000000001000011000000000010000000000000000100010000000000000000001000001000000000000000100000000000000000010000000000000000000001000000000000000000000000100000000000000000000000000100000000000000000000000000000000100000000000000000000000000010000000000000000000100000000000000000000000000100000000000000000000000000000000000000000000000000000000000000000000100000000000000000000000001000000000000000000000000010000000001000000000010000000000100000000000000000000000000000000000000000000
(0.0,0.0)-(0.0,0.0)

-----------------------theta = 0.0, rho = 26.0
00000000000000000000000000000000000000000000000000000000000000000000000000000000000000000000000000000000000000000000000000000000000000000000000000000000000000000000000000000000000000000000000000000000000000000000000000000000000000000000000000000000000000000000000000000000000000000000000000000000000000000000000000000000000000000000000000000000000000000000000000000000000000000000000000000000000000000000000000000000000000000000000000000000000000000000000000000000000000000000000000000000000000000000000000000000000000000000000000000000000000000000000000000000000000000
00000000000000000000000000000000000000000000000000000000000000000000000000000000000000000000000000000000000000000000000000000000000000000000000000000000000000000000000000000000000000000000000000000001111111111111111111111111111111111111111111111111111111111110000000000000000000000000000011111111111111111111111111111000000011111111111111111111111111111111111111111111111111111111111111111111111111111111111111111111111111111111111111111111111111111111111111111111111111111000000000000000000000000000000000000000000000000000000000000000000000000000000000000000000000000
00000000000000000000000000000000000000000000000000000000000000000000000000000000000000000000000000000000000000000000000000000000000000000000000000000000000000000000000000000000000000000000000000000001111111111111111111111111111111111111111111111111111111111110000000000000000000000000000011111111111111111111111111111000000011111111111111111111111111111111111111111111111111111111111111111111111111111111111111111111111111111111111111111111111111111111111111111111111111111000000000000000000000000000000000000000000000000000000000000000000000000000000000000000000000000
00000000000000000000000000000000000000000000000000000000000000000000000000000000000000000000000000000000000000000000000000000000000000000000000011111111111111111111111111111111111111111111111111111111111111111111111111111111111111111111111111111111111111111111111111111111111111111111111111111111111111111111111111111111111111111111111111111111111111111111111111111111111111111111111111111111111111111111111111111111111111111111111111111111111111111111111111111111111111111110000000000000000000000000000000000000000000000000000000000000000000000000000000000000000000000
00000000000000000000000000000000000000000000000000000000000000000000000000000000000000000000000000000000000000000000000000000000000000000000000011111111111111111111111111111111111111111111111111111111111111111111111111111111111111111111111111111111111111111111111111111111111111111111111111111111111111111111111111111111111111111111111111111111111111111111111111111111111111111111111111111111111111111111111111111111111111111111111111111111111111111111111111111111111111111110000000000000000000000000000000000000000000000000000000000000000000000000000000000000000000000
00000000000000000000000000000000000000000000000000000000000000000000000000000000000000000111111111111111111111111111111111111111111111111111111111111111111111111111111111111111111111111111111111111111111111111111111111111111111111111111111111111111111111111111111111111111111111111111111111111111111111111111111111111111111111111111111111111111111111111111111111111111111111111111111111111111111111111111111111111111111111111111111111111111111111111111111111111111111111111111100000000000000000000000000000000000000000000000000000000000000000000000000000000000000000000
00000000000000000000000000000000000000000000000000000000000000000000000000000000000000000111111111111111111111111111111111111111111111111111111111111111111111111111111111111111111111111111111111111111111111111111111111111111111111111111111111111111111111111111111111111111111111111111111111111111111111111111111111111111111111111111111111111111111111111111111111111111111111111111111111111111111111111111111111111111111111111111111111111111111111111111111111111111111111111111100000000000000000000000000000000000000000000000000000000000000000000000000000000000000000000
00000000000000000000000000000000000000000000000000000000000000000000000000001111111111111111111111111111111111111111111111111111111111111111111111111111111111111111111111111111111111111111111111111111111111111111111111111111111111111111111111111111111111111111111111111111111111111111111111111111111111111111111111111111111111111111111111111111111111111111111111111111111111111111111111111111111111111111111111111111111111111111111111111111111111111111111111111111111111111111100000000000000000000000000000000000000000000000000000000000000000000000000000000000000000000
00000000000000000000000000000000000000000000000000000000000000000000000000001111111111111111111111111111111111111111111111111111111111111111111111111111111111111111111111111111111111111111111111111111111111111111111111111111111111111111111111111111111111111111111111111111111111111111111111111111111111111111111111111111111111111111111111111111111111111111111111111111111111111111111111111111111111111111111111111111111111111111111111111111111111111111111111111111111111111111100000000000000000000000000000000000000000000000000000000000000000000000000000000000000000000
00000000000000000000000000000000000000000000000000000000000000000000000000001111111111111111111111111111111111111111111111111111111111111111111111111111100000000000000000000000000000000011111111111111111111111111111111111111111111111111111000000011111111111111111000000000000000000000000000000000000000000000000000000000000000000000011111111111111111000000001111111111111111111111111111111111111111111111000000000000000000000000011111111111111111111111111111111111111111111111100000000000000000000000000000000000000000000000000000000000000000000000000000000000000000000
00000000000000000000000000000000000000000000000000000000000000000000000000001111111111111111111111111111111111111111111111111111111111111111111111111111100000000000000000000000000000000011111111111111111111111111111111111111111111111111111000000011111111111111111000000000000000000000000000000000000000000000000000000000000000000000011111111111111111000000001111111111111111111111111111111111111111111111000000000000000000000000011111111111111111111111111111111111111111111111100000000000000000000000000000000000000000000000000000000000000000000000000000000000000000000
00000000000000000000000000000000000000000000000000000000000000000000000000011111111111111111110000000000000000000000000000000000000000000000000000000000000000000000000000000000000000000000000000000000000000000000000000000000000000000000000000000000000000000000000000000000000000000000000000000000000000000000000000000000000000000000000000000000000000000000000000000000000000000000000000000000000000000000000000000000000000000000000000000000000000000000000000000000000001111111110000000000000000000000000000000000000000000000000000000000000000000000000000000000000000000
00000000000000000000000000000000000000000000000000000000000000000000000000011111111111111111110000000000000000000000000000000000000000000000000000000000000000000000000000000000000000000000000000000000000000000000000000000000000000000000000000000000000000000000000000000000000000000000000000000000000000000000000000000000000000000000000000000000000000000000000000000000000000000000000000000000000000000000000000000000000000000000000000000000000000000000000000000000000001111111110000000000000000000000000000000000000000000000000000000000000000000000000000000000000000000
00000000000000000000000000000000000000000000000000000000000000000000000000011111111111110000000000000000000000000000000000000000000000000000000000000000000000000000000000000000000000000000000000000000000000000000000000000000000000000000000000000000000000000000000000000000000000000000000000000000000000000000000000000000000000000000000000000000000000000000000000000000000000000000000000000000000000000000000000000000000000000000000000000000000000000000000000000000000000111111111000000000000000000000000000000000000000000000000000000000000000000000000000000000000000000
00000000000000000000000000000000000000000000000000000000000000000000000000011111111111110000000000000000000000000000000000000000000000000000000000000000000000000000000000000000000000000000000000000000000000000000000000000000000000000000000000000000000000000000000000000000000000000000000000000000000000000000000000000000000000000000000000000000000000000000000000000000000000000000000000000000000000000000000000000000000000000000000000000000000000000000000000000000000000111111111000000000000000000000000000000000000000000000000000000000000000000000000000000000000000000
000000000000000000000000000000000000000000000000000000000000000000000000000eccccccccccccbaaaaa9999999999999999999999999999999999999999999999999988888888877777777777777777777777777777777788888888888887777777777777777777777777777777777777777666666677777777777778888777777777777777777777777766666666666666666666666666666777777766666666677777777777777777666666667777777777777777777777777777777777777777777777666666666666666666666666677777777777777777777777777777777777777778999aabbef000000000000000000000000000000000000000000000000000000000000000000000000000000000000000000
0000000000000000000000000000000000000000000000000000000000000000000000000004888888888888688888666666666666666666666666666666666666666666666666668888888886666666666666666666666666666666668888888888888aaaaaaaaaaaaaaaaaaaaaaaaaaaaaaaaaaaaaaaa8888888aaaaaaaaaaaaa88886666666666666666666666666888888888888888888888888888886666666888888888aaaaaaaaaaaaaaaaa88888888aaaaaaaaaaaaaaaaaaaaaaaaaaaaaaaaaaaaaaaaaaaaaa8888888888888888888888888aaaaaaaaaaaaaaaaaaaaaaaaaaaaaaaaaaaaaaaaceeeccaa42000000000000000000000000000000000000000000000000000000000000000000000000000000000000000000
00000000000000000000000000000000000000000000000000000000000000000000000000001111111111110000000000000000000000000000000000001000000000000000000000000000000000000000000000000000000000000000000000000000000000000000000000000000000000000000000000000000000000000000000000000000000000000000000000000000000000000000000000000000000000000000000000000000000000000000000000000000000000000000000000000000000000000000000000000000000000000000000000000000000000000000000000000000000000000000000000000000000000000000000000000000000000000000000000000000000000000000000000000000000000000
00000000000000000000000000000000000000000000000000000000000000000000000000099999999999999999999999999999999999999999999999999999999999999999999999999999999999999999999999999999999999999999999999999999999999999999999999999999999999999999999999999999999999999999999999999999999999999999999999999999999999999999999999999999999999999999999999999999999999999999999999999999999999999999999999999999999999999999999999999999999999999999999999999999999999999999999999999999999999999999999000000000000000000000000000000000000000000000000000000000000000000000000000000000000000000
00000000000000000000000000000000000000000000000000000000000000000000000000000000000000001000000000000000000000000000000000000000000000000000000010000000000000000000000000000000000000000010000000000001000000000000000000000000000000000000000100000010000000000000000100000000000000000000000000000000000000000000000000000100000010000000010000000000000000100000001000000000000000000000000000000000000000000000100000000000000000000000010000000000000000000000000000000000000001000000001000000000000000000000000000000000000000000000000000000000000000000000000000000000000000000
(26.0,75.0)-(26.0,478.0)

-----------------------theta = 0.0, rho = 26.0
00000000000000000000000000000000000000000000000000000000000000000000000000000000000000000000000000000000000000000000000000000000000000000000000000000000000000000000000000000000000000000000000000000000000000000000000000000000000000000000000000000000000000000000000000000000000000000000000000000000000000000000000000000000000000000000000000000000000000000000000000000000000000000000000000000000000000000000000000000000000000000000000000000000000000000000000000000000000000000000000000000000000000000000000000000000000000000000000000000000000000000000000000000000000000000
00000000000000000000000000000000000000000000000000000000000000000000000000000000000000000000000000000000000000000000000000000000000000000000000000000000000000000000000000000000000000000000000000000001111111111111111111111111111111111111111111111111111111111110000000000000000000000000000011111111111111111111111111111000000011111111111111111111111111111111111111111111111111111111111111111111111111111111111111111111111111111111111111111111111111111111111111111111111111111000000000000000000000000000000000000000000000000000000000000000000000000000000000000000000000000
00000000000000000000000000000000000000000000000000000000000000000000000000000000000000000000000000000000000000000000000000000000000000000000000000000000000000000000000000000000000000000000000000000001111111111111111111111111111111111111111111111111111111111110000000000000000000000000000011111111111111111111111111111000000011111111111111111111111111111111111111111111111111111111111111111111111111111111111111111111111111111111111111111111111111111111111111111111111111111000000000000000000000000000000000000000000000000000000000000000000000000000000000000000000000000
00000000000000000000000000000000000000000000000000000000000000000000000000000000000000000000000000000000000000000000000000000000000000000000000011111111111111111111111111111111111111111111111111111111111111111111111111111111111111111111111111111111111111111111111111111111111111111111111111111111111111111111111111111111111111111111111111111111111111111111111111111111111111111111111111111111111111111111111111111111111111111111111111111111111111111111111111111111111111111110000000000000000000000000000000000000000000000000000000000000000000000000000000000000000000000
00000000000000000000000000000000000000000000000000000000000000000000000000000000000000000000000000000000000000000000000000000000000000000000000011111111111111111111111111111111111111111111111111111111111111111111111111111111111111111111111111111111111111111111111111111111111111111111111111111111111111111111111111111111111111111111111111111111111111111111111111111111111111111111111111111111111111111111111111111111111111111111111111111111111111111111111111111111111111111110000000000000000000000000000000000000000000000000000000000000000000000000000000000000000000000
00000000000000000000000000000000000000000000000000000000000000000000000000000000000000000111111111111111111111111111111111111111111111111111111111111111111111111111111111111111111111111111111111111111111111111111111111111111111111111111111111111111111111111111111111111111111111111111111111111111111111111111111111111111111111111111111111111111111111111111111111111111111111111111111111111111111111111111111111111111111111111111111111111111111111111111111111111111111111111111100000000000000000000000000000000000000000000000000000000000000000000000000000000000000000000
00000000000000000000000000000000000000000000000000000000000000000000000000000000000000000111111111111111111111111111111111111111111111111111111111111111111111111111111111111111111111111111111111111111111111111111111111111111111111111111111111111111111111111111111111111111111111111111111111111111111111111111111111111111111111111111111111111111111111111111111111111111111111111111111111111111111111111111111111111111111111111111111111111111111111111111111111111111111111111111100000000000000000000000000000000000000000000000000000000000000000000000000000000000000000000
00000000000000000000000000000000000000000000000000000000000000000000000000001111111111111111111111111111111111111111111111111111111111111111111111111111111111111111111111111111111111111111111111111111111111111111111111111111111111111111111111111111111111111111111111111111111111111111111111111111111111111111111111111111111111111111111111111111111111111111111111111111111111111111111111111111111111111111111111111111111111111111111111111111111111111111111111111111111111111111100000000000000000000000000000000000000000000000000000000000000000000000000000000000000000000
00000000000000000000000000000000000000000000000000000000000000000000000000001111111111111111111111111111111111111111111111111111111111111111111111111111111111111111111111111111111111111111111111111111111111111111111111111111111111111111111111111111111111111111111111111111111111111111111111111111111111111111111111111111111111111111111111111111111111111111111111111111111111111111111111111111111111111111111111111111111111111111111111111111111111111111111111111111111111111111100000000000000000000000000000000000000000000000000000000000000000000000000000000000000000000
00000000000000000000000000000000000000000000000000000000000000000000000000001111111111111111111111111111111111111111111111111111111111111111111111111111100000000000000000000000000000000011111111111111111111111111111111111111111111111111111000000011111111111111111000000000000000000000000000000000000000000000000000000000000000000000011111111111111111000000001111111111111111111111111111111111111111111111000000000000000000000000011111111111111111111111111111111111111111111111100000000000000000000000000000000000000000000000000000000000000000000000000000000000000000000
00000000000000000000000000000000000000000000000000000000000000000000000000001111111111111111111111111111111111111111111111111111111111111111111111111111100000000000000000000000000000000011111111111111111111111111111111111111111111111111111000000011111111111111111000000000000000000000000000000000000000000000000000000000000000000000011111111111111111000000001111111111111111111111111111111111111111111111000000000000000000000000011111111111111111111111111111111111111111111111100000000000000000000000000000000000000000000000000000000000000000000000000000000000000000000
00000000000000000000000000000000000000000000000000000000000000000000000000011111111111111111110000000000000000000000000000000000000000000000000000000000000000000000000000000000000000000000000000000000000000000000000000000000000000000000000000000000000000000000000000000000000000000000000000000000000000000000000000000000000000000000000000000000000000000000000000000000000000000000000000000000000000000000000000000000000000000000000000000000000000000000000000000000000001111111110000000000000000000000000000000000000000000000000000000000000000000000000000000000000000000
00000000000000000000000000000000000000000000000000000000000000000000000000011111111111111111110000000000000000000000000000000000000000000000000000000000000000000000000000000000000000000000000000000000000000000000000000000000000000000000000000000000000000000000000000000000000000000000000000000000000000000000000000000000000000000000000000000000000000000000000000000000000000000000000000000000000000000000000000000000000000000000000000000000000000000000000000000000000001111111110000000000000000000000000000000000000000000000000000000000000000000000000000000000000000000
00000000000000000000000000000000000000000000000000000000000000000000000000011111111111110000000000000000000000000000000000000000000000000000000000000000000000000000000000000000000000000000000000000000000000000000000000000000000000000000000000000000000000000000000000000000000000000000000000000000000000000000000000000000000000000000000000000000000000000000000000000000000000000000000000000000000000000000000000000000000000000000000000000000000000000000000000000000000000111111111000000000000000000000000000000000000000000000000000000000000000000000000000000000000000000
00000000000000000000000000000000000000000000000000000000000000000000000000011111111111110000000000000000000000000000000000000000000000000000000000000000000000000000000000000000000000000000000000000000000000000000000000000000000000000000000000000000000000000000000000000000000000000000000000000000000000000000000000000000000000000000000000000000000000000000000000000000000000000000000000000000000000000000000000000000000000000000000000000000000000000000000000000000000000111111111000000000000000000000000000000000000000000000000000000000000000000000000000000000000000000
000000000000000000000000000000000000000000000000000000000000000000000000000eccccccccccccbaaaaa9999999999999999999999999999999999999999999999999988888888877777777777777777777777777777777788888888888887777777777777777777777777777777777777777666666677777777777778888777777777777777777777777766666666666666666666666666666777777766666666677777777777777777666666667777777777777777777777777777777777777777777777666666666666666666666666677777777777777777777777777777777777777778999aabbef000000000000000000000000000000000000000000000000000000000000000000000000000000000000000000
0000000000000000000000000000000000000000000000000000000000000000000000000004888888888888688888666666666666666666666666666666666666666666666666668888888886666666666666666666666666666666668888888888888aaaaaaaaaaaaaaaaaaaaaaaaaaaaaaaaaaaaaaaa8888888aaaaaaaaaaaaa88886666666666666666666666666888888888888888888888888888886666666888888888aaaaaaaaaaaaaaaaa88888888aaaaaaaaaaaaaaaaaaaaaaaaaaaaaaaaaaaaaaaaaaaaaa8888888888888888888888888aaaaaaaaaaaaaaaaaaaaaaaaaaaaaaaaaaaaaaaaceeeccaa42000000000000000000000000000000000000000000000000000000000000000000000000000000000000000000
00000000000000000000000000000000000000000000000000000000000000000000000000001111111111110000000000000000000000000000000000001000000000000000000000000000000000000000000000000000000000000000000000000000000000000000000000000000000000000000000000000000000000000000000000000000000000000000000000000000000000000000000000000000000000000000000000000000000000000000000000000000000000000000000000000000000000000000000000000000000000000000000000000000000000000000000000000000000000000000000000000000000000000000000000000000000000000000000000000000000000000000000000000000000000000
00000000000000000000000000000000000000000000000000000000000000000000000000099999999999999999999999999999999999999999999999999999999999999999999999999999999999999999999999999999999999999999999999999999999999999999999999999999999999999999999999999999999999999999999999999999999999999999999999999999999999999999999999999999999999999999999999999999999999999999999999999999999999999999999999999999999999999999999999999999999999999999999999999999999999999999999999999999999999999999999000000000000000000000000000000000000000000000000000000000000000000000000000000000000000000
00000000000000000000000000000000000000000000000000000000000000000000000000000000000000001000000000000000000000000000000000000000000000000000000010000000000000000000000000000000000000000010000000000001000000000000000000000000000000000000000100000010000000000000000100000000000000000000000000000000000000000000000000000100000010000000010000000000000000100000001000000000000000000000000000000000000000000000100000000000000000000000010000000000000000000000000000000000000001000000001000000000000000000000000000000000000000000000000000000000000000000000000000000000000000000
(26.0,75.0)-(26.0,478.0)

-----------------------theta = 91.0, rho = 79.0
000000000000000000000000001111111110000000000000000000000000000000000000000000000000000000000000000000000000000000000000000000000000000000000000000000000000000000000000000000000000000000000000000000000000000000000000000000000000000000000000000000000000000000000000000000000000000000000000000000000000000000000000000000000000000000000000000000000000000000000000000000000000000000000000000000000000000000000000000000000000000000000000000000000000000000000000000000000000000000000000000000000000000000000000000000000000000000000000000000000000000000000011111111100000000000000000000000000000000000000000
000000000000000000000000001111111000000000111111111110000000000000000000000000000000000000000000000000000000000000000000000000000000000000000000000000001111111111111111111000000000000000000000000000001111111000000000000000000000000000000000000000000000000000000000000000000000000000000000000000000000000000000000000000000000000000000000000000000000000000000000000000000000000000000000000000000000000000000000000000000000000000000000000000000000000000000000000000000000000000000000000000000000000000000000000000000000000000000000000000000000000000000011111111111000000000000000000000000000000000000000
000000000000000000000000001111111000000000111111111110000000000000000000000000000000000000000000000000000000000000001111111111100000000000000000000000001111111111111111111111111110000000011111111111111111111000000000000000000000001111111111111100000000000000000000000000000000000000000000000000000000000000000000000000000000000000000000000000000000000000000000000000000000000000000000000000000000000000000000000000000000000000000000000000000000000000000000000000000000000000000000000000000000000000000000000000000000000000000000000000000111111111111111111111111000000000000000000000000000000000000000
000000000000000000000000000000000000000011111111111111000000000000000000000000000000001111111000000000000000000000001111111111100000000000000000000000011111111111111111111111111110000000011111111111111111111111111100000000000000001111111111111100000000000000000011111111110000000000000000000000000000000000000000000000000000000000000000000000000000000000000000000000000000000000000000000000000000000000000000000000000000000000000000000000000000000000000000000000000000000000000000000000011111110000000000000000000000000000000000000000000111111111111111111111111100000000000000000000000000000000000000
000000000000000000000000011111110000000011111111111111000000000011111111111111111111111111111000000000000000000000111111111111111111111111000000000000011111111111111111111111111111000000011111111111111111111111111100000000000000011111111111111111100000000000000011111111110000000000000000000000000000000000000000000000000000000000000000000000000000000000000000000000000000000000000000000000000000000000000001111111111111111111000000000000000000000000000000000000000000000001111111111111111111110000000000000000000001111111100000001111111111111111111111111111111100000000000000000000000000000000000000
000000000000000000000000011111110000000011111111111111000000000011111111111111111111111111111100000000000000001111111111111111111111111111000000000000011111111111111111111111111111000000011111111111111111111111111110000000111111111111111111111111100000000000001111111111111111111111111111000000000000000000000000000111111111110000000000000000000000000000000000000000000000000000000000000001111111111000000001111111111111111111000000000000000000000000000000000000000000000001111111111111111111110000000000000011111111111111100000001111111111111111111111111111111110000000000000000000000000000000000000
000000000000000000000000011111110000000011111111111111000000000011111111111111111111111111111100000000000000001111111111111111111111111111100000000000011111111111111111111111111111000000011111111111111111111111111110000000111111111111111111111111100000000000001111111111111111111111111111100000000000000000000000111111111111110000000000000000001111111111111111111111110000000000000000000001111111111000000011111111111111111111111000000000000000000000000000000000000000000011111111111111111111110000000000000011111111111111111111111111111111111111111111111111111110000000000000000000000000000000000000
000000000000000000000000011111110000000001111111111110000000000011111111111111111111111111111100000000000000011111111111111111111111111111100000000000011111111111111111111111111111000000011111111111111111111111111110000000011111111111111111111111100000000000001111111111111111111111111111100000000000000000000000111111111111111100000000000000011111111111111111111111110000000000000011111111111111111111111111111111111111111111111100000000000000001111111111111100000000000011111111111111111111110000000000000111111111111111111111111111111111111111111111111111111111000000000000000000000000000000000000
000000000000000000000000000000000000000001111111111110000000000011111111111111111111111111111100000000000000011111111111111111111111111111100000000000011111111111111111111111111111000000011111111111111111111111111110000000011111111111111111111111100000000000001111111111111111111111111111100000000000001111111111111111111111111100000000000000011111111111111111111111110000000000000011111111111111111111111111111111111111111111111100000000000000001111111111111100000000000001111111111111111111110000000000000111111111111111110000000111111111111111111111111111111111000000000000000000000000000000000000
000000000000000000000000001111111000000000000000000000000000000011111111111111111111111111111000000000000000011111111111111111111111111111100000000000001111111111111111111111111111000000011111111111111111111111111100000000001111111111111111111111100000000000001111111111111111111111111111100000000000001111111111111111111111111100000000000000011111111111111111111111110000000000000111111111111111111111111111111111111111111111111100000000011111111111111111111100000000000001111111111111110000000000000000000111111111111111110000000111111111111111111111111111111111000000000000000000000000000000000000
000000000000000000000000001111111000000000000000000000000000000000000000000000000000000000000000000000000000011111111111111111111111111111110000000000001111111111111111111111111110000000001111111111111111111111111100000000001111111111111111111111100000000000001111111111111111111111111111000000000000001111111111111111111111111100000000000000011111111111111111111111110000000000000111111111111111111100000001111111111111111111111100000000011111111111111111111100000000000000111111111111110000000000000000000111111111111111000000000000000011111111111111111111111111000000000000000000000000000000000000
000000000000000000000000001111111110000000000000000000000000000000000000000000000000000000000000000000000000001111111111111111111111111111110000000000000111111111111111111111111110000000001111111111110000000000000000000000000111111111111111111111100000000000000011111111111111111111111111000000000000001111111111111111111111111100000000000000011111111111111111111111110000000000000111111111111111111100000001111111111111111111111100000000011111111111111111111100000000000000111111111111100000000000000000000000000011111111000000000000000011111111111111111111111111100000000000000000000000000000000000
000000000000000000000000001111111110000000000000000000000000000000000000000000000000000000000000000000000000000000000000000000000111111111100000000000000111111111111111111100000000000000000001111111110000000000000000000000000111111110000000000000000000000000000011111111111111111111111100000000000000001111111111111111111111111100000000000000011111111111111111111111110000000000000111111111111111111100000001111111111111111111111100000000011111111111111111111100000000000000000000000000000000000000000000000000000000000000000000000000000000001111111111111111111111100000000000000000000000000000000000
0000000000000000000000000788888889900000676666666666660000000000888888888888888888888877777778000000000000000a9999998888888888899999999999ac0000000000077888888888888888888888888888000000078888888888887777777888888880000000789aaaa9888888888888889990000000000000999999999999aaaaaaaaaaaaaa9990000000000000bbbbbbbbbbaaaaaaaaaaaaaabb000000000000000baaaaaaaaaaaaaaaaaaaaaaaa0000000000000cbbbbbbbaaaaaaaaaab99999999999999999999999999aaab000000000cccccccbbbbbbbbbbbbbb00000000000088999999999999987777770000000000000a999999999999998988888878888887888888888888777777777889abd00000000000000000000000000000000000
00000000000000000000000004bbbbbb733000004688888888888400000000006666666666666666666666777777740000000000000004777788aaaaaaaaaaa8899999999972000000000006accccccccccccccccccbaaaaaaa600000008aaabbbbbbbbbaaaaaaa88888884000000024688889bbbaaaaaaaaaaa888000000000000066aaaaaaaaaa88888888888888774000000000000055555555557778888888888866000000000000000677777777777777777777777700000000000004666666688888888886333333499999999999999999997776000000000444444466666666666666000000000000268888888888888866666600000000000004666666788888886422222246666668aaaabbbbbbbbdddddddddcca86200000000000000000000000000000000000
000000000000000000000000001111111110000001000000000000000000000000000000000000000000000000000000000000000000001111111111111111100000000000000000000000000111111110000000000000000000000000001111111110000000000000000000000000011111111100000000000000000000000000000000000000000000000000000000000000000000000000000000000000000000000000000000000000001111111110000000000000000000000000000011111111111111111011111111111000000000000000000000000000000000001110000000000000000000000000111111110000000000000000000000000011111111100000101110001000000000000000000000000000000000000000000000000000000000000000000000
000000000000000000000000011111111110000099999999999999000000000099999999999999999999999999999900000000000000011111111111111111111111111111110000000000011111111111111111111111111111000000099999999999999999999999999990000000999999999999999999999999900000000000009999999999999999999999999999900000000000009999999999999999999999999900000000000000099999999999999999999999990000000000000111111111111111111111111111111111111111111111111100000000099999999999999999999900000000000099999999999999999999990000000000000999999999999999999999999999999999999999999999999999999999900000000000000000000000000000000000
000000000000000000000000001000000000000001100000000000000000000000000000000000000000001000000100000000000000001000000000000000010000000000000000000000000100000000000000000000000000000000001000000000001000000100000000000000010000010000000000000010000000000000000000000000001000000000000010000000000000000000000000100000000000001000000000000000001000000000000000000000000000000000000010000000000000000100000000000000000000000000000000000000000000001000000000000000000000000000100000000000010000000000000000000010000000000000011000000100000110000000000000000000010000000000000000000000000000000000000000
(0.0,0.0)-(0.0,0.0)

