-----------------------theta = 2.0, rho = 224.0
000000000000000000000000000000000000000000000000000000000000000000000000000000000000000000000000000000000000000000000000000000000000000000000000000000000000000000000000000000000000000000000000000000000000000000000000000000000000000000000000000000000000000000000000000000000000000000011111111111000000000000000000000000000000001111111000000000000000000000000000000000000000000000000000000000000000000000000011111111110000000000000000000000000000000000000000000000000000000001111111111111100000000000000000000000000000000000000000000000000000000000000000000000000000000000
000000000000000000000000000000000000000000000000000000000000000000000000000000000000000001111111000000000000000000000000000000000000000000000000000000000000000000000000000000000000000000000000000000000000000000000000000000000000000000000000000000000000000000000000000000000000000000001111111111000000000000000000000000000000001111111000000000000000000000000000000000000000000000000000000111111111111111111111111111111111111111100000000000000000000000000000000000000000000001111111111111110000000000000000000000000000000000000000000000000000000000000000000000000000000000
000000000000000000000000000000000000000000000000000000000000000000000000000000000000000000000000000000000000000000000000000000000000000000000000000000000000000000000000000000000000000000000000000000000000000000000000000000000000000000000000000000000000000000000000000000000000000000001111111110000000000000000000000000000000001111111111111111110000000000000000000000000000000000000000001111111111111111111111111111111111111111100000000000000000000000000000000000000000000001111111111111110000000000000000000000000000000000000000000000000000000000000000000000000000000000
000000000000000000000000000000000000000000000000000000000000000000000000000000000000000011111110000000000000000000000000000000000001111111111111111100000000000000000000000000000000000000000000000000000000000000000000000000000000000000000000000000000000000000000000000000000000000000001111111110000000000000000000000000000000001111111111111111111111111111111000000000000000000000000000001111111111111111111111111111111111111111111000000000000000000000000000000000000000000001111111111111111000000000000000000000000000000000000000000000000000000000000000000000000000000000
000000000000000000000000000000000000000000000000000000000000000000000000000000000000000000000000000000000000000000000000000000011111111111111111111100000000000000000000001111111000000000000000000000000000000000000000000000000000000000000000000000000000000000000000000000000000000000001111111110000000000000000000000000000000011111111111111111111111111111111000000000000000000000000000001111111111111111111111111111111111111111111000000000000000000000000000000000000000000001111111111111111000000000000000000000000000000000000000000000000000000000000000000000000000000000
000000000000000000000000000000000000000000000000000000000000000000000000000000000000000000000000000000000000000000000000000000011111111111111111111100000000000000000000000000000000000000000000000000000000000000000000000000000000000000000000000000111111111111100000000000000000000000001111111110000000000000000000000000000000011111111111111111111111111111111000000000000000000000000000001111111111111111111111111111111111111111111110000000000000000000000000000000000000000001111111111111111100000000000000000000000000000000000000000000000000000000000000000000000000000000
000000000000000000000000000000000000000000000000000000000000000000000000000000000000000000000000000000000000000000000000000011111111111111111111111111100000000000000000000000000000000000000000000000000000000000000000000000000000000000111111111111111111111111111111100000000000000000001111111100000000000000000000000000000000011111111111111111111111111111111000000000000000000000000000001111111111111111111111111111111111111111111110000000000000000000000000000000000000000001111111111111111100000000000000000000000000000000000000000000000000000000000000000000000000000000
000000000000000000000000000000000000000000000000000000000000000000000000000000000000000000000000000000000000000000000000000011111111111111111111111111100000000000000000000000000000000000000000000000000000000000000000000000000000000000111111111111111111111111111111100000000000000000001111111100000000000000000000000000000000011111111111111111111111111111111000000000000000000000000000001111111111111111111111111111111111111111111111100000000000000000000000000000000000000001111111110000000000000000000000000000000000000000000000000000000000000000000000000000000000000000
000000000000000000000000000000000000000000000000000000000000000000000000000000000000000000000000000000000000000000000000001111111111111111111111111111111100000000000000000000000000000000000000000000000000000000000000000000000000001111111111111111111111111111111111111111000000000000001111111100000000000000000000000000000000001111111111111111111111111111110000000000000000000000000000001111111111111111111111111111111111111111111111100000000000000000000000000000000000000001111111110000000000000000000000000000000000000000000000000000000000000000000000000000000000000000
000000000000000000000000000000000000000000000000000000000000000000000000000000000000000000000000000000000000000000000000001111111111100000000011111111111100000000000000000000000000000000000000000000000000000000000000000000000011111111111111111111111111111111111111111111000000000000000111111100000000000000000000000000000000001111111111111111111111111111110000000000000000000000000000001111111111111111111111111111111111111111111111100000000000000000000000000000000000000001111111110000000000000000000000000000000000000000000000000000000000000000000000000000000000000000
000000000000000000000000000000000000000000000000000000000000000000000000000000000000000000000000000000000000000000000000111111111110000000000011111111111111100000000000000000000000000000000000000000000000000000000000000000000011111111111111111111111111111111111111111111111100000000000111111100000000000000000000000000000000001111111111111111111111111111110000000000000000000000000000001111111111111111111111111111111111111111111111100000000000000000000000000000000000000001111111110000000000000000000000000000000000000000000000000000000000000000000000000000000000000000
000000000000000000000000000000000000000000000000000000000000000000000000000000000000000000000000000000000000000000000000111111111110000000000000001111111111100000000000000000000000000000000000000000000000000000000000000000001111111111111111111100000000000000111111111111111100000000000111111100000000000000000000000000000000001111111111111111111111111111110000000000000000000000000000001111111111111111111111111111111111111111111111100000000000000000000000000000000000000001111111100000000000000000000000000000000000000000000000000000000000000000000000000000000000000000
000000000000000000000000000000000000000000000000000000000000000000000000000000000000000000000000000000000000000000000011111111110000000000000000001111111111111000000000000000000000000000000000000000000000000000000000000000001111111111110000000000000000000000111111111111111111000000000000000000000000000000000000000000000000000111111111111111111111111111110000000000000000000000000000000000000011111111111111111111111111111111111111100000000000000000000000000000000000000000111111100000000000000000000000000000000000000000000000000000000000000000000000000000000000000000
000000000000000000000000000000000000000000000000000000000000000000000000000000000000000000000000000000000000000000001111111111110000000000000000000011111111111000000000000000000000000000000000000000000000000000000000000001111111111111110000000000000000000000000011111111111111100000000000000000000000000000000000000000000000000111111111111111111111111111110000000000000000000000000000000000000000011111111111111111111111111111111111100000000000000000000000000000000000000000111111100000000000000000000000000000000000000000000000000000000000000000000000000000000000000000
000000000000000000000000000000000000000000000000000000000000000000000000000000000000000000000000000000000000000000001111111111000000000000000000000000011111111111000000000000000000000000000000000000000000000000000000000001111111111000000000000000000000000000000000011111111111100000000000000000000000000000000000000000000000000000000011111111111111111111100000000000000000000000000000000000000000011111111111111111111111111111111111100000000000000000000000000000000000000000111111100000000000000000000000000000000000000000000000000000000000000000000000000000000000000000
00000000000000000000000000000000000000000000000000000000000000000000000000000000000000004333333200000000000000000000ffeeddccbbba99977777777777888899bbbcccdddeefff00000000555555500000000000000000000000000000000000000000000fffeeddddccccbbaaaaaaaa99999999999999aaaabbbcccccddddeef0000001577777774200000000000000000000000000000007788888899999999999aaaaaaaaaaa960000000000000000000000000000087777777888999999999888888888899999999999aabbcc00000000000000000000000000000000000000007888888864444456700000000000000000000000000000000000000000000000000000000000000000000000000000000
0000000000000000000000000000000000000000000000000000000000000000000000000000000000000000122222210000000000000000000022335577998a888776666666668888aa88877755533111000000001111111000000000000000000000000000000000000000000002224466667666886666666655666666666666877788877777555533200000019ccccccc6200000000000000000000000000000004ceeeeeecddddddddddcccccccccccb500000000000000000000000000000abbbbbbbccceeeeeeeeeffffffffffeeeeeeeeeeeccaa880000000000000000000000000000000000000000cfffffffb7777764200000000000000000000000000000000000000000000000000000000000000000000000000000000
000000000000000000000000000000000000000000000000000000000000000000000000000000000000000001111111000000000000000000000011111111111111111111111111111111100000000000000000000000000000000000000000000000000000000000000000000000001111111111111111111111111111111111111100000000000000000000001111111110000000000000000000000000000000000111111111111111111111111111100000000000000000000000000000000111111100000000000000000000000000000000000000000000000000000000000000000000000000000000111111111111110000000000000000000000000000000000000000000000000000000000000000000000000000000000
000000000000000000000000000000000000000000000000000000000000000000000000000000000000000011111111000000000000000000001111111111111111111111111111111111111111111111000000001111111000000000000000000000000000000000000000000001111111111111111111111111111111111111111111111111111111100000011111111111000000000000000000000000000000011111111111111111111111111111111000000000000000000000000000001111111111111111111111111111111111111111111111100000000000000000000000000000000000000001111111111111111100000000000000000000000000000000000000000000000000000000000000000000000000000000
000000000000000000000000000000000000000000000000000000000000000000000000000000000000000001000000000000000000000000000011111111111100000000000010000000010000000000000000000000000000000000000000000000000000000000000000000000001111111111111111111111111111111110111111111111111111000000000000000000000000000000000000000000000000000100000000000000000000000000010000000000000000000000000000000100000010000000000010000000001000000000000000000000000000000000000000000000000000000000100000000000010000000000000000000000000000000000000000000000000000000000000000000000000000000000
(0.0,0.0)-(0.0,0.0)

